ParameterName, ene_min, ene_max, erec_minus_ene_min, erec_minus_ene_max
enu_erec_minus_enu_1, 0.0, 0.9184172, -1.00000000e+00, -6.82740596e-01
enu_erec_minus_enu_2, 0.0, 0.9184172, -6.82740596e-01, -6.05276014e-01
enu_erec_minus_enu_3, 0.0, 0.9184172, -6.05276014e-01, -5.55442110e-01
enu_erec_minus_enu_4, 0.0, 0.9184172, -5.55442110e-01, -5.17943332e-01
enu_erec_minus_enu_5, 0.0, 0.9184172, -5.17943332e-01, -4.87845628e-01
enu_erec_minus_enu_6, 0.0, 0.9184172, -4.87845628e-01, -4.62681974e-01
enu_erec_minus_enu_7, 0.0, 0.9184172, -4.62681974e-01, -4.41465559e-01
enu_erec_minus_enu_8, 0.0, 0.9184172, -4.41465559e-01, -4.22222765e-01
enu_erec_minus_enu_9, 0.0, 0.9184172, -4.22222765e-01, -4.05446996e-01
enu_erec_minus_enu_10, 0.0, 0.9184172, -4.05446996e-01, -3.90151441e-01
enu_erec_minus_enu_11, 0.0, 0.9184172, -3.90151441e-01, -3.76336102e-01
enu_erec_minus_enu_12, 0.0, 0.9184172, -3.76336102e-01, -3.63507572e-01
enu_erec_minus_enu_13, 0.0, 0.9184172, -3.63507572e-01, -3.52159257e-01
enu_erec_minus_enu_14, 0.0, 0.9184172, -3.52159257e-01, -3.41304348e-01
enu_erec_minus_enu_15, 0.0, 0.9184172, -3.41304348e-01, -3.30942843e-01
enu_erec_minus_enu_16, 0.0, 0.9184172, -3.30942843e-01, -3.21568149e-01
enu_erec_minus_enu_17, 0.0, 0.9184172, -3.21568149e-01, -3.12193454e-01
enu_erec_minus_enu_18, 0.0, 0.9184172, -3.12193454e-01, -3.03805569e-01
enu_erec_minus_enu_19, 0.0, 0.9184172, -3.03805569e-01, -2.95911089e-01
enu_erec_minus_enu_20, 0.0, 0.9184172, -2.95911089e-01, -2.88016610e-01
enu_erec_minus_enu_21, 0.0, 0.9184172, -2.88016610e-01, -2.81108940e-01
enu_erec_minus_enu_22, 0.0, 0.9184172, -2.81108940e-01, -2.73707865e-01
enu_erec_minus_enu_23, 0.0, 0.9184172, -2.73707865e-01, -2.67293600e-01
enu_erec_minus_enu_24, 0.0, 0.9184172, -2.67293600e-01, -2.60879336e-01
enu_erec_minus_enu_25, 0.0, 0.9184172, -2.60879336e-01, -2.54465071e-01
enu_erec_minus_enu_26, 0.0, 0.9184172, -2.54465071e-01, -2.48544211e-01
enu_erec_minus_enu_27, 0.0, 0.9184172, -2.48544211e-01, -2.43116756e-01
enu_erec_minus_enu_28, 0.0, 0.9184172, -2.43116756e-01, -2.37689301e-01
enu_erec_minus_enu_29, 0.0, 0.9184172, -2.37689301e-01, -2.32261847e-01
enu_erec_minus_enu_30, 0.0, 0.9184172, -2.32261847e-01, -2.26834392e-01
enu_erec_minus_enu_31, 0.0, 0.9184172, -2.26834392e-01, -2.21900342e-01
enu_erec_minus_enu_32, 0.0, 0.9184172, -2.21900342e-01, -2.16966292e-01
enu_erec_minus_enu_33, 0.0, 0.9184172, -2.16966292e-01, -2.12525647e-01
enu_erec_minus_enu_34, 0.0, 0.9184172, -2.12525647e-01, -2.08085002e-01
enu_erec_minus_enu_35, 0.0, 0.9184172, -2.08085002e-01, -2.03150953e-01
enu_erec_minus_enu_36, 0.0, 0.9184172, -2.03150953e-01, -1.99203713e-01
enu_erec_minus_enu_37, 0.0, 0.9184172, -1.99203713e-01, -1.94763068e-01
enu_erec_minus_enu_38, 0.0, 0.9184172, -1.94763068e-01, -1.90322423e-01
enu_erec_minus_enu_39, 0.0, 0.9184172, -1.90322423e-01, -1.86375183e-01
enu_erec_minus_enu_40, 0.0, 0.9184172, -1.86375183e-01, -1.82427943e-01
enu_erec_minus_enu_41, 0.0, 0.9184172, -1.82427943e-01, -1.78480703e-01
enu_erec_minus_enu_42, 0.0, 0.9184172, -1.78480703e-01, -1.74533464e-01
enu_erec_minus_enu_43, 0.0, 0.9184172, -1.74533464e-01, -1.71079629e-01
enu_erec_minus_enu_44, 0.0, 0.9184172, -1.71079629e-01, -1.67132389e-01
enu_erec_minus_enu_45, 0.0, 0.9184172, -1.67132389e-01, -1.63678554e-01
enu_erec_minus_enu_46, 0.0, 0.9184172, -1.63678554e-01, -1.59731314e-01
enu_erec_minus_enu_47, 0.0, 0.9184172, -1.59731314e-01, -1.56277479e-01
enu_erec_minus_enu_48, 0.0, 0.9184172, -1.56277479e-01, -1.52823644e-01
enu_erec_minus_enu_49, 0.0, 0.9184172, -1.52823644e-01, -1.49369809e-01
enu_erec_minus_enu_50, 0.0, 0.9184172, -1.49369809e-01, -1.45915975e-01
enu_erec_minus_enu_51, 0.0, 0.9184172, -1.45915975e-01, -1.42955545e-01
enu_erec_minus_enu_52, 0.0, 0.9184172, -1.42955545e-01, -1.39501710e-01
enu_erec_minus_enu_53, 0.0, 0.9184172, -1.39501710e-01, -1.36047875e-01
enu_erec_minus_enu_54, 0.0, 0.9184172, -1.36047875e-01, -1.33087445e-01
enu_erec_minus_enu_55, 0.0, 0.9184172, -1.33087445e-01, -1.29633610e-01
enu_erec_minus_enu_56, 0.0, 0.9184172, -1.29633610e-01, -1.26673180e-01
enu_erec_minus_enu_57, 0.0, 0.9184172, -1.26673180e-01, -1.23219345e-01
enu_erec_minus_enu_58, 0.0, 0.9184172, -1.23219345e-01, -1.20258915e-01
enu_erec_minus_enu_59, 0.0, 0.9184172, -1.20258915e-01, -1.17298486e-01
enu_erec_minus_enu_60, 0.0, 0.9184172, -1.17298486e-01, -1.14338056e-01
enu_erec_minus_enu_61, 0.0, 0.9184172, -1.14338056e-01, -1.10884221e-01
enu_erec_minus_enu_62, 0.0, 0.9184172, -1.10884221e-01, -1.07923791e-01
enu_erec_minus_enu_63, 0.0, 0.9184172, -1.07923791e-01, -1.04963361e-01
enu_erec_minus_enu_64, 0.0, 0.9184172, -1.04963361e-01, -1.02002931e-01
enu_erec_minus_enu_65, 0.0, 0.9184172, -1.02002931e-01, -9.90425012e-02
enu_erec_minus_enu_66, 0.0, 0.9184172, -9.90425012e-02, -9.60820713e-02
enu_erec_minus_enu_67, 0.0, 0.9184172, -9.60820713e-02, -9.31216414e-02
enu_erec_minus_enu_68, 0.0, 0.9184172, -9.31216414e-02, -9.01612115e-02
enu_erec_minus_enu_69, 0.0, 0.9184172, -9.01612115e-02, -8.72007816e-02
enu_erec_minus_enu_70, 0.0, 0.9184172, -8.72007816e-02, -8.42403517e-02
enu_erec_minus_enu_71, 0.0, 0.9184172, -8.42403517e-02, -8.12799218e-02
enu_erec_minus_enu_72, 0.0, 0.9184172, -8.12799218e-02, -7.83194919e-02
enu_erec_minus_enu_73, 0.0, 0.9184172, -7.83194919e-02, -7.53590620e-02
enu_erec_minus_enu_74, 0.0, 0.9184172, -7.53590620e-02, -7.23986321e-02
enu_erec_minus_enu_75, 0.0, 0.9184172, -7.23986321e-02, -6.99316072e-02
enu_erec_minus_enu_76, 0.0, 0.9184172, -6.99316072e-02, -6.69711773e-02
enu_erec_minus_enu_77, 0.0, 0.9184172, -6.69711773e-02, -6.40107474e-02
enu_erec_minus_enu_78, 0.0, 0.9184172, -6.40107474e-02, -6.10503175e-02
enu_erec_minus_enu_79, 0.0, 0.9184172, -6.10503175e-02, -5.80898876e-02
enu_erec_minus_enu_80, 0.0, 0.9184172, -5.80898876e-02, -5.51294577e-02
enu_erec_minus_enu_81, 0.0, 0.9184172, -5.51294577e-02, -5.21690278e-02
enu_erec_minus_enu_82, 0.0, 0.9184172, -5.21690278e-02, -4.92085979e-02
enu_erec_minus_enu_83, 0.0, 0.9184172, -4.92085979e-02, -4.62481681e-02
enu_erec_minus_enu_84, 0.0, 0.9184172, -4.62481681e-02, -4.27943332e-02
enu_erec_minus_enu_85, 0.0, 0.9184172, -4.27943332e-02, -3.98339033e-02
enu_erec_minus_enu_86, 0.0, 0.9184172, -3.98339033e-02, -3.68734734e-02
enu_erec_minus_enu_87, 0.0, 0.9184172, -3.68734734e-02, -3.39130435e-02
enu_erec_minus_enu_88, 0.0, 0.9184172, -3.39130435e-02, -3.09526136e-02
enu_erec_minus_enu_89, 0.0, 0.9184172, -3.09526136e-02, -2.74987787e-02
enu_erec_minus_enu_90, 0.0, 0.9184172, -2.74987787e-02, -2.45383488e-02
enu_erec_minus_enu_91, 0.0, 0.9184172, -2.45383488e-02, -2.10845139e-02
enu_erec_minus_enu_92, 0.0, 0.9184172, -2.10845139e-02, -1.81240840e-02
enu_erec_minus_enu_93, 0.0, 0.9184172, -1.81240840e-02, -1.46702491e-02
enu_erec_minus_enu_94, 0.0, 0.9184172, -1.46702491e-02, -1.12164143e-02
enu_erec_minus_enu_95, 0.0, 0.9184172, -1.12164143e-02, -7.76257938e-03
enu_erec_minus_enu_96, 0.0, 0.9184172, -7.76257938e-03, -4.30874450e-03
enu_erec_minus_enu_97, 0.0, 0.9184172, -4.30874450e-03, -8.54909624e-04
enu_erec_minus_enu_98, 0.0, 0.9184172, -8.54909624e-04, 2.59892526e-03
enu_erec_minus_enu_99, 0.0, 0.9184172, 2.59892526e-03, 6.54616512e-03
enu_erec_minus_enu_100, 0.0, 0.9184172, 6.54616512e-03, 1.00000000e-02
enu_erec_minus_enu_101, 0.9184172, 1.52906693, -1.00000000e+00, -6.82740596e-01
enu_erec_minus_enu_102, 0.9184172, 1.52906693, -6.82740596e-01, -6.05276014e-01
enu_erec_minus_enu_103, 0.9184172, 1.52906693, -6.05276014e-01, -5.55442110e-01
enu_erec_minus_enu_104, 0.9184172, 1.52906693, -5.55442110e-01, -5.17943332e-01
enu_erec_minus_enu_105, 0.9184172, 1.52906693, -5.17943332e-01, -4.87845628e-01
enu_erec_minus_enu_106, 0.9184172, 1.52906693, -4.87845628e-01, -4.62681974e-01
enu_erec_minus_enu_107, 0.9184172, 1.52906693, -4.62681974e-01, -4.41465559e-01
enu_erec_minus_enu_108, 0.9184172, 1.52906693, -4.41465559e-01, -4.22222765e-01
enu_erec_minus_enu_109, 0.9184172, 1.52906693, -4.22222765e-01, -4.05446996e-01
enu_erec_minus_enu_110, 0.9184172, 1.52906693, -4.05446996e-01, -3.90151441e-01
enu_erec_minus_enu_111, 0.9184172, 1.52906693, -3.90151441e-01, -3.76336102e-01
enu_erec_minus_enu_112, 0.9184172, 1.52906693, -3.76336102e-01, -3.63507572e-01
enu_erec_minus_enu_113, 0.9184172, 1.52906693, -3.63507572e-01, -3.52159257e-01
enu_erec_minus_enu_114, 0.9184172, 1.52906693, -3.52159257e-01, -3.41304348e-01
enu_erec_minus_enu_115, 0.9184172, 1.52906693, -3.41304348e-01, -3.30942843e-01
enu_erec_minus_enu_116, 0.9184172, 1.52906693, -3.30942843e-01, -3.21568149e-01
enu_erec_minus_enu_117, 0.9184172, 1.52906693, -3.21568149e-01, -3.12193454e-01
enu_erec_minus_enu_118, 0.9184172, 1.52906693, -3.12193454e-01, -3.03805569e-01
enu_erec_minus_enu_119, 0.9184172, 1.52906693, -3.03805569e-01, -2.95911089e-01
enu_erec_minus_enu_120, 0.9184172, 1.52906693, -2.95911089e-01, -2.88016610e-01
enu_erec_minus_enu_121, 0.9184172, 1.52906693, -2.88016610e-01, -2.81108940e-01
enu_erec_minus_enu_122, 0.9184172, 1.52906693, -2.81108940e-01, -2.73707865e-01
enu_erec_minus_enu_123, 0.9184172, 1.52906693, -2.73707865e-01, -2.67293600e-01
enu_erec_minus_enu_124, 0.9184172, 1.52906693, -2.67293600e-01, -2.60879336e-01
enu_erec_minus_enu_125, 0.9184172, 1.52906693, -2.60879336e-01, -2.54465071e-01
enu_erec_minus_enu_126, 0.9184172, 1.52906693, -2.54465071e-01, -2.48544211e-01
enu_erec_minus_enu_127, 0.9184172, 1.52906693, -2.48544211e-01, -2.43116756e-01
enu_erec_minus_enu_128, 0.9184172, 1.52906693, -2.43116756e-01, -2.37689301e-01
enu_erec_minus_enu_129, 0.9184172, 1.52906693, -2.37689301e-01, -2.32261847e-01
enu_erec_minus_enu_130, 0.9184172, 1.52906693, -2.32261847e-01, -2.26834392e-01
enu_erec_minus_enu_131, 0.9184172, 1.52906693, -2.26834392e-01, -2.21900342e-01
enu_erec_minus_enu_132, 0.9184172, 1.52906693, -2.21900342e-01, -2.16966292e-01
enu_erec_minus_enu_133, 0.9184172, 1.52906693, -2.16966292e-01, -2.12525647e-01
enu_erec_minus_enu_134, 0.9184172, 1.52906693, -2.12525647e-01, -2.08085002e-01
enu_erec_minus_enu_135, 0.9184172, 1.52906693, -2.08085002e-01, -2.03150953e-01
enu_erec_minus_enu_136, 0.9184172, 1.52906693, -2.03150953e-01, -1.99203713e-01
enu_erec_minus_enu_137, 0.9184172, 1.52906693, -1.99203713e-01, -1.94763068e-01
enu_erec_minus_enu_138, 0.9184172, 1.52906693, -1.94763068e-01, -1.90322423e-01
enu_erec_minus_enu_139, 0.9184172, 1.52906693, -1.90322423e-01, -1.86375183e-01
enu_erec_minus_enu_140, 0.9184172, 1.52906693, -1.86375183e-01, -1.82427943e-01
enu_erec_minus_enu_141, 0.9184172, 1.52906693, -1.82427943e-01, -1.78480703e-01
enu_erec_minus_enu_142, 0.9184172, 1.52906693, -1.78480703e-01, -1.74533464e-01
enu_erec_minus_enu_143, 0.9184172, 1.52906693, -1.74533464e-01, -1.71079629e-01
enu_erec_minus_enu_144, 0.9184172, 1.52906693, -1.71079629e-01, -1.67132389e-01
enu_erec_minus_enu_145, 0.9184172, 1.52906693, -1.67132389e-01, -1.63678554e-01
enu_erec_minus_enu_146, 0.9184172, 1.52906693, -1.63678554e-01, -1.59731314e-01
enu_erec_minus_enu_147, 0.9184172, 1.52906693, -1.59731314e-01, -1.56277479e-01
enu_erec_minus_enu_148, 0.9184172, 1.52906693, -1.56277479e-01, -1.52823644e-01
enu_erec_minus_enu_149, 0.9184172, 1.52906693, -1.52823644e-01, -1.49369809e-01
enu_erec_minus_enu_150, 0.9184172, 1.52906693, -1.49369809e-01, -1.45915975e-01
enu_erec_minus_enu_151, 0.9184172, 1.52906693, -1.45915975e-01, -1.42955545e-01
enu_erec_minus_enu_152, 0.9184172, 1.52906693, -1.42955545e-01, -1.39501710e-01
enu_erec_minus_enu_153, 0.9184172, 1.52906693, -1.39501710e-01, -1.36047875e-01
enu_erec_minus_enu_154, 0.9184172, 1.52906693, -1.36047875e-01, -1.33087445e-01
enu_erec_minus_enu_155, 0.9184172, 1.52906693, -1.33087445e-01, -1.29633610e-01
enu_erec_minus_enu_156, 0.9184172, 1.52906693, -1.29633610e-01, -1.26673180e-01
enu_erec_minus_enu_157, 0.9184172, 1.52906693, -1.26673180e-01, -1.23219345e-01
enu_erec_minus_enu_158, 0.9184172, 1.52906693, -1.23219345e-01, -1.20258915e-01
enu_erec_minus_enu_159, 0.9184172, 1.52906693, -1.20258915e-01, -1.17298486e-01
enu_erec_minus_enu_160, 0.9184172, 1.52906693, -1.17298486e-01, -1.14338056e-01
enu_erec_minus_enu_161, 0.9184172, 1.52906693, -1.14338056e-01, -1.10884221e-01
enu_erec_minus_enu_162, 0.9184172, 1.52906693, -1.10884221e-01, -1.07923791e-01
enu_erec_minus_enu_163, 0.9184172, 1.52906693, -1.07923791e-01, -1.04963361e-01
enu_erec_minus_enu_164, 0.9184172, 1.52906693, -1.04963361e-01, -1.02002931e-01
enu_erec_minus_enu_165, 0.9184172, 1.52906693, -1.02002931e-01, -9.90425012e-02
enu_erec_minus_enu_166, 0.9184172, 1.52906693, -9.90425012e-02, -9.60820713e-02
enu_erec_minus_enu_167, 0.9184172, 1.52906693, -9.60820713e-02, -9.31216414e-02
enu_erec_minus_enu_168, 0.9184172, 1.52906693, -9.31216414e-02, -9.01612115e-02
enu_erec_minus_enu_169, 0.9184172, 1.52906693, -9.01612115e-02, -8.72007816e-02
enu_erec_minus_enu_170, 0.9184172, 1.52906693, -8.72007816e-02, -8.42403517e-02
enu_erec_minus_enu_171, 0.9184172, 1.52906693, -8.42403517e-02, -8.12799218e-02
enu_erec_minus_enu_172, 0.9184172, 1.52906693, -8.12799218e-02, -7.83194919e-02
enu_erec_minus_enu_173, 0.9184172, 1.52906693, -7.83194919e-02, -7.53590620e-02
enu_erec_minus_enu_174, 0.9184172, 1.52906693, -7.53590620e-02, -7.23986321e-02
enu_erec_minus_enu_175, 0.9184172, 1.52906693, -7.23986321e-02, -6.99316072e-02
enu_erec_minus_enu_176, 0.9184172, 1.52906693, -6.99316072e-02, -6.69711773e-02
enu_erec_minus_enu_177, 0.9184172, 1.52906693, -6.69711773e-02, -6.40107474e-02
enu_erec_minus_enu_178, 0.9184172, 1.52906693, -6.40107474e-02, -6.10503175e-02
enu_erec_minus_enu_179, 0.9184172, 1.52906693, -6.10503175e-02, -5.80898876e-02
enu_erec_minus_enu_180, 0.9184172, 1.52906693, -5.80898876e-02, -5.51294577e-02
enu_erec_minus_enu_181, 0.9184172, 1.52906693, -5.51294577e-02, -5.21690278e-02
enu_erec_minus_enu_182, 0.9184172, 1.52906693, -5.21690278e-02, -4.92085979e-02
enu_erec_minus_enu_183, 0.9184172, 1.52906693, -4.92085979e-02, -4.62481681e-02
enu_erec_minus_enu_184, 0.9184172, 1.52906693, -4.62481681e-02, -4.27943332e-02
enu_erec_minus_enu_185, 0.9184172, 1.52906693, -4.27943332e-02, -3.98339033e-02
enu_erec_minus_enu_186, 0.9184172, 1.52906693, -3.98339033e-02, -3.68734734e-02
enu_erec_minus_enu_187, 0.9184172, 1.52906693, -3.68734734e-02, -3.39130435e-02
enu_erec_minus_enu_188, 0.9184172, 1.52906693, -3.39130435e-02, -3.09526136e-02
enu_erec_minus_enu_189, 0.9184172, 1.52906693, -3.09526136e-02, -2.74987787e-02
enu_erec_minus_enu_190, 0.9184172, 1.52906693, -2.74987787e-02, -2.45383488e-02
enu_erec_minus_enu_191, 0.9184172, 1.52906693, -2.45383488e-02, -2.10845139e-02
enu_erec_minus_enu_192, 0.9184172, 1.52906693, -2.10845139e-02, -1.81240840e-02
enu_erec_minus_enu_193, 0.9184172, 1.52906693, -1.81240840e-02, -1.46702491e-02
enu_erec_minus_enu_194, 0.9184172, 1.52906693, -1.46702491e-02, -1.12164143e-02
enu_erec_minus_enu_195, 0.9184172, 1.52906693, -1.12164143e-02, -7.76257938e-03
enu_erec_minus_enu_196, 0.9184172, 1.52906693, -7.76257938e-03, -4.30874450e-03
enu_erec_minus_enu_197, 0.9184172, 1.52906693, -4.30874450e-03, -8.54909624e-04
enu_erec_minus_enu_198, 0.9184172, 1.52906693, -8.54909624e-04, 2.59892526e-03
enu_erec_minus_enu_199, 0.9184172, 1.52906693, 2.59892526e-03, 6.54616512e-03
enu_erec_minus_enu_200, 0.9184172, 1.52906693, 6.54616512e-03, 1.00000000e-02
enu_erec_minus_enu_201, 1.52906693, 2.02735711, -1.00000000e+00, -6.82740596e-01
enu_erec_minus_enu_202, 1.52906693, 2.02735711, -6.82740596e-01, -6.05276014e-01
enu_erec_minus_enu_203, 1.52906693, 2.02735711, -6.05276014e-01, -5.55442110e-01
enu_erec_minus_enu_204, 1.52906693, 2.02735711, -5.55442110e-01, -5.17943332e-01
enu_erec_minus_enu_205, 1.52906693, 2.02735711, -5.17943332e-01, -4.87845628e-01
enu_erec_minus_enu_206, 1.52906693, 2.02735711, -4.87845628e-01, -4.62681974e-01
enu_erec_minus_enu_207, 1.52906693, 2.02735711, -4.62681974e-01, -4.41465559e-01
enu_erec_minus_enu_208, 1.52906693, 2.02735711, -4.41465559e-01, -4.22222765e-01
enu_erec_minus_enu_209, 1.52906693, 2.02735711, -4.22222765e-01, -4.05446996e-01
enu_erec_minus_enu_210, 1.52906693, 2.02735711, -4.05446996e-01, -3.90151441e-01
enu_erec_minus_enu_211, 1.52906693, 2.02735711, -3.90151441e-01, -3.76336102e-01
enu_erec_minus_enu_212, 1.52906693, 2.02735711, -3.76336102e-01, -3.63507572e-01
enu_erec_minus_enu_213, 1.52906693, 2.02735711, -3.63507572e-01, -3.52159257e-01
enu_erec_minus_enu_214, 1.52906693, 2.02735711, -3.52159257e-01, -3.41304348e-01
enu_erec_minus_enu_215, 1.52906693, 2.02735711, -3.41304348e-01, -3.30942843e-01
enu_erec_minus_enu_216, 1.52906693, 2.02735711, -3.30942843e-01, -3.21568149e-01
enu_erec_minus_enu_217, 1.52906693, 2.02735711, -3.21568149e-01, -3.12193454e-01
enu_erec_minus_enu_218, 1.52906693, 2.02735711, -3.12193454e-01, -3.03805569e-01
enu_erec_minus_enu_219, 1.52906693, 2.02735711, -3.03805569e-01, -2.95911089e-01
enu_erec_minus_enu_220, 1.52906693, 2.02735711, -2.95911089e-01, -2.88016610e-01
enu_erec_minus_enu_221, 1.52906693, 2.02735711, -2.88016610e-01, -2.81108940e-01
enu_erec_minus_enu_222, 1.52906693, 2.02735711, -2.81108940e-01, -2.73707865e-01
enu_erec_minus_enu_223, 1.52906693, 2.02735711, -2.73707865e-01, -2.67293600e-01
enu_erec_minus_enu_224, 1.52906693, 2.02735711, -2.67293600e-01, -2.60879336e-01
enu_erec_minus_enu_225, 1.52906693, 2.02735711, -2.60879336e-01, -2.54465071e-01
enu_erec_minus_enu_226, 1.52906693, 2.02735711, -2.54465071e-01, -2.48544211e-01
enu_erec_minus_enu_227, 1.52906693, 2.02735711, -2.48544211e-01, -2.43116756e-01
enu_erec_minus_enu_228, 1.52906693, 2.02735711, -2.43116756e-01, -2.37689301e-01
enu_erec_minus_enu_229, 1.52906693, 2.02735711, -2.37689301e-01, -2.32261847e-01
enu_erec_minus_enu_230, 1.52906693, 2.02735711, -2.32261847e-01, -2.26834392e-01
enu_erec_minus_enu_231, 1.52906693, 2.02735711, -2.26834392e-01, -2.21900342e-01
enu_erec_minus_enu_232, 1.52906693, 2.02735711, -2.21900342e-01, -2.16966292e-01
enu_erec_minus_enu_233, 1.52906693, 2.02735711, -2.16966292e-01, -2.12525647e-01
enu_erec_minus_enu_234, 1.52906693, 2.02735711, -2.12525647e-01, -2.08085002e-01
enu_erec_minus_enu_235, 1.52906693, 2.02735711, -2.08085002e-01, -2.03150953e-01
enu_erec_minus_enu_236, 1.52906693, 2.02735711, -2.03150953e-01, -1.99203713e-01
enu_erec_minus_enu_237, 1.52906693, 2.02735711, -1.99203713e-01, -1.94763068e-01
enu_erec_minus_enu_238, 1.52906693, 2.02735711, -1.94763068e-01, -1.90322423e-01
enu_erec_minus_enu_239, 1.52906693, 2.02735711, -1.90322423e-01, -1.86375183e-01
enu_erec_minus_enu_240, 1.52906693, 2.02735711, -1.86375183e-01, -1.82427943e-01
enu_erec_minus_enu_241, 1.52906693, 2.02735711, -1.82427943e-01, -1.78480703e-01
enu_erec_minus_enu_242, 1.52906693, 2.02735711, -1.78480703e-01, -1.74533464e-01
enu_erec_minus_enu_243, 1.52906693, 2.02735711, -1.74533464e-01, -1.71079629e-01
enu_erec_minus_enu_244, 1.52906693, 2.02735711, -1.71079629e-01, -1.67132389e-01
enu_erec_minus_enu_245, 1.52906693, 2.02735711, -1.67132389e-01, -1.63678554e-01
enu_erec_minus_enu_246, 1.52906693, 2.02735711, -1.63678554e-01, -1.59731314e-01
enu_erec_minus_enu_247, 1.52906693, 2.02735711, -1.59731314e-01, -1.56277479e-01
enu_erec_minus_enu_248, 1.52906693, 2.02735711, -1.56277479e-01, -1.52823644e-01
enu_erec_minus_enu_249, 1.52906693, 2.02735711, -1.52823644e-01, -1.49369809e-01
enu_erec_minus_enu_250, 1.52906693, 2.02735711, -1.49369809e-01, -1.45915975e-01
enu_erec_minus_enu_251, 1.52906693, 2.02735711, -1.45915975e-01, -1.42955545e-01
enu_erec_minus_enu_252, 1.52906693, 2.02735711, -1.42955545e-01, -1.39501710e-01
enu_erec_minus_enu_253, 1.52906693, 2.02735711, -1.39501710e-01, -1.36047875e-01
enu_erec_minus_enu_254, 1.52906693, 2.02735711, -1.36047875e-01, -1.33087445e-01
enu_erec_minus_enu_255, 1.52906693, 2.02735711, -1.33087445e-01, -1.29633610e-01
enu_erec_minus_enu_256, 1.52906693, 2.02735711, -1.29633610e-01, -1.26673180e-01
enu_erec_minus_enu_257, 1.52906693, 2.02735711, -1.26673180e-01, -1.23219345e-01
enu_erec_minus_enu_258, 1.52906693, 2.02735711, -1.23219345e-01, -1.20258915e-01
enu_erec_minus_enu_259, 1.52906693, 2.02735711, -1.20258915e-01, -1.17298486e-01
enu_erec_minus_enu_260, 1.52906693, 2.02735711, -1.17298486e-01, -1.14338056e-01
enu_erec_minus_enu_261, 1.52906693, 2.02735711, -1.14338056e-01, -1.10884221e-01
enu_erec_minus_enu_262, 1.52906693, 2.02735711, -1.10884221e-01, -1.07923791e-01
enu_erec_minus_enu_263, 1.52906693, 2.02735711, -1.07923791e-01, -1.04963361e-01
enu_erec_minus_enu_264, 1.52906693, 2.02735711, -1.04963361e-01, -1.02002931e-01
enu_erec_minus_enu_265, 1.52906693, 2.02735711, -1.02002931e-01, -9.90425012e-02
enu_erec_minus_enu_266, 1.52906693, 2.02735711, -9.90425012e-02, -9.60820713e-02
enu_erec_minus_enu_267, 1.52906693, 2.02735711, -9.60820713e-02, -9.31216414e-02
enu_erec_minus_enu_268, 1.52906693, 2.02735711, -9.31216414e-02, -9.01612115e-02
enu_erec_minus_enu_269, 1.52906693, 2.02735711, -9.01612115e-02, -8.72007816e-02
enu_erec_minus_enu_270, 1.52906693, 2.02735711, -8.72007816e-02, -8.42403517e-02
enu_erec_minus_enu_271, 1.52906693, 2.02735711, -8.42403517e-02, -8.12799218e-02
enu_erec_minus_enu_272, 1.52906693, 2.02735711, -8.12799218e-02, -7.83194919e-02
enu_erec_minus_enu_273, 1.52906693, 2.02735711, -7.83194919e-02, -7.53590620e-02
enu_erec_minus_enu_274, 1.52906693, 2.02735711, -7.53590620e-02, -7.23986321e-02
enu_erec_minus_enu_275, 1.52906693, 2.02735711, -7.23986321e-02, -6.99316072e-02
enu_erec_minus_enu_276, 1.52906693, 2.02735711, -6.99316072e-02, -6.69711773e-02
enu_erec_minus_enu_277, 1.52906693, 2.02735711, -6.69711773e-02, -6.40107474e-02
enu_erec_minus_enu_278, 1.52906693, 2.02735711, -6.40107474e-02, -6.10503175e-02
enu_erec_minus_enu_279, 1.52906693, 2.02735711, -6.10503175e-02, -5.80898876e-02
enu_erec_minus_enu_280, 1.52906693, 2.02735711, -5.80898876e-02, -5.51294577e-02
enu_erec_minus_enu_281, 1.52906693, 2.02735711, -5.51294577e-02, -5.21690278e-02
enu_erec_minus_enu_282, 1.52906693, 2.02735711, -5.21690278e-02, -4.92085979e-02
enu_erec_minus_enu_283, 1.52906693, 2.02735711, -4.92085979e-02, -4.62481681e-02
enu_erec_minus_enu_284, 1.52906693, 2.02735711, -4.62481681e-02, -4.27943332e-02
enu_erec_minus_enu_285, 1.52906693, 2.02735711, -4.27943332e-02, -3.98339033e-02
enu_erec_minus_enu_286, 1.52906693, 2.02735711, -3.98339033e-02, -3.68734734e-02
enu_erec_minus_enu_287, 1.52906693, 2.02735711, -3.68734734e-02, -3.39130435e-02
enu_erec_minus_enu_288, 1.52906693, 2.02735711, -3.39130435e-02, -3.09526136e-02
enu_erec_minus_enu_289, 1.52906693, 2.02735711, -3.09526136e-02, -2.74987787e-02
enu_erec_minus_enu_290, 1.52906693, 2.02735711, -2.74987787e-02, -2.45383488e-02
enu_erec_minus_enu_291, 1.52906693, 2.02735711, -2.45383488e-02, -2.10845139e-02
enu_erec_minus_enu_292, 1.52906693, 2.02735711, -2.10845139e-02, -1.81240840e-02
enu_erec_minus_enu_293, 1.52906693, 2.02735711, -1.81240840e-02, -1.46702491e-02
enu_erec_minus_enu_294, 1.52906693, 2.02735711, -1.46702491e-02, -1.12164143e-02
enu_erec_minus_enu_295, 1.52906693, 2.02735711, -1.12164143e-02, -7.76257938e-03
enu_erec_minus_enu_296, 1.52906693, 2.02735711, -7.76257938e-03, -4.30874450e-03
enu_erec_minus_enu_297, 1.52906693, 2.02735711, -4.30874450e-03, -8.54909624e-04
enu_erec_minus_enu_298, 1.52906693, 2.02735711, -8.54909624e-04, 2.59892526e-03
enu_erec_minus_enu_299, 1.52906693, 2.02735711, 2.59892526e-03, 6.54616512e-03
enu_erec_minus_enu_300, 1.52906693, 2.02735711, 6.54616512e-03, 1.00000000e-02
enu_erec_minus_enu_301, 2.02735711, 2.48656571, -1.00000000e+00, -6.82740596e-01
enu_erec_minus_enu_302, 2.02735711, 2.48656571, -6.82740596e-01, -6.05276014e-01
enu_erec_minus_enu_303, 2.02735711, 2.48656571, -6.05276014e-01, -5.55442110e-01
enu_erec_minus_enu_304, 2.02735711, 2.48656571, -5.55442110e-01, -5.17943332e-01
enu_erec_minus_enu_305, 2.02735711, 2.48656571, -5.17943332e-01, -4.87845628e-01
enu_erec_minus_enu_306, 2.02735711, 2.48656571, -4.87845628e-01, -4.62681974e-01
enu_erec_minus_enu_307, 2.02735711, 2.48656571, -4.62681974e-01, -4.41465559e-01
enu_erec_minus_enu_308, 2.02735711, 2.48656571, -4.41465559e-01, -4.22222765e-01
enu_erec_minus_enu_309, 2.02735711, 2.48656571, -4.22222765e-01, -4.05446996e-01
enu_erec_minus_enu_310, 2.02735711, 2.48656571, -4.05446996e-01, -3.90151441e-01
enu_erec_minus_enu_311, 2.02735711, 2.48656571, -3.90151441e-01, -3.76336102e-01
enu_erec_minus_enu_312, 2.02735711, 2.48656571, -3.76336102e-01, -3.63507572e-01
enu_erec_minus_enu_313, 2.02735711, 2.48656571, -3.63507572e-01, -3.52159257e-01
enu_erec_minus_enu_314, 2.02735711, 2.48656571, -3.52159257e-01, -3.41304348e-01
enu_erec_minus_enu_315, 2.02735711, 2.48656571, -3.41304348e-01, -3.30942843e-01
enu_erec_minus_enu_316, 2.02735711, 2.48656571, -3.30942843e-01, -3.21568149e-01
enu_erec_minus_enu_317, 2.02735711, 2.48656571, -3.21568149e-01, -3.12193454e-01
enu_erec_minus_enu_318, 2.02735711, 2.48656571, -3.12193454e-01, -3.03805569e-01
enu_erec_minus_enu_319, 2.02735711, 2.48656571, -3.03805569e-01, -2.95911089e-01
enu_erec_minus_enu_320, 2.02735711, 2.48656571, -2.95911089e-01, -2.88016610e-01
enu_erec_minus_enu_321, 2.02735711, 2.48656571, -2.88016610e-01, -2.81108940e-01
enu_erec_minus_enu_322, 2.02735711, 2.48656571, -2.81108940e-01, -2.73707865e-01
enu_erec_minus_enu_323, 2.02735711, 2.48656571, -2.73707865e-01, -2.67293600e-01
enu_erec_minus_enu_324, 2.02735711, 2.48656571, -2.67293600e-01, -2.60879336e-01
enu_erec_minus_enu_325, 2.02735711, 2.48656571, -2.60879336e-01, -2.54465071e-01
enu_erec_minus_enu_326, 2.02735711, 2.48656571, -2.54465071e-01, -2.48544211e-01
enu_erec_minus_enu_327, 2.02735711, 2.48656571, -2.48544211e-01, -2.43116756e-01
enu_erec_minus_enu_328, 2.02735711, 2.48656571, -2.43116756e-01, -2.37689301e-01
enu_erec_minus_enu_329, 2.02735711, 2.48656571, -2.37689301e-01, -2.32261847e-01
enu_erec_minus_enu_330, 2.02735711, 2.48656571, -2.32261847e-01, -2.26834392e-01
enu_erec_minus_enu_331, 2.02735711, 2.48656571, -2.26834392e-01, -2.21900342e-01
enu_erec_minus_enu_332, 2.02735711, 2.48656571, -2.21900342e-01, -2.16966292e-01
enu_erec_minus_enu_333, 2.02735711, 2.48656571, -2.16966292e-01, -2.12525647e-01
enu_erec_minus_enu_334, 2.02735711, 2.48656571, -2.12525647e-01, -2.08085002e-01
enu_erec_minus_enu_335, 2.02735711, 2.48656571, -2.08085002e-01, -2.03150953e-01
enu_erec_minus_enu_336, 2.02735711, 2.48656571, -2.03150953e-01, -1.99203713e-01
enu_erec_minus_enu_337, 2.02735711, 2.48656571, -1.99203713e-01, -1.94763068e-01
enu_erec_minus_enu_338, 2.02735711, 2.48656571, -1.94763068e-01, -1.90322423e-01
enu_erec_minus_enu_339, 2.02735711, 2.48656571, -1.90322423e-01, -1.86375183e-01
enu_erec_minus_enu_340, 2.02735711, 2.48656571, -1.86375183e-01, -1.82427943e-01
enu_erec_minus_enu_341, 2.02735711, 2.48656571, -1.82427943e-01, -1.78480703e-01
enu_erec_minus_enu_342, 2.02735711, 2.48656571, -1.78480703e-01, -1.74533464e-01
enu_erec_minus_enu_343, 2.02735711, 2.48656571, -1.74533464e-01, -1.71079629e-01
enu_erec_minus_enu_344, 2.02735711, 2.48656571, -1.71079629e-01, -1.67132389e-01
enu_erec_minus_enu_345, 2.02735711, 2.48656571, -1.67132389e-01, -1.63678554e-01
enu_erec_minus_enu_346, 2.02735711, 2.48656571, -1.63678554e-01, -1.59731314e-01
enu_erec_minus_enu_347, 2.02735711, 2.48656571, -1.59731314e-01, -1.56277479e-01
enu_erec_minus_enu_348, 2.02735711, 2.48656571, -1.56277479e-01, -1.52823644e-01
enu_erec_minus_enu_349, 2.02735711, 2.48656571, -1.52823644e-01, -1.49369809e-01
enu_erec_minus_enu_350, 2.02735711, 2.48656571, -1.49369809e-01, -1.45915975e-01
enu_erec_minus_enu_351, 2.02735711, 2.48656571, -1.45915975e-01, -1.42955545e-01
enu_erec_minus_enu_352, 2.02735711, 2.48656571, -1.42955545e-01, -1.39501710e-01
enu_erec_minus_enu_353, 2.02735711, 2.48656571, -1.39501710e-01, -1.36047875e-01
enu_erec_minus_enu_354, 2.02735711, 2.48656571, -1.36047875e-01, -1.33087445e-01
enu_erec_minus_enu_355, 2.02735711, 2.48656571, -1.33087445e-01, -1.29633610e-01
enu_erec_minus_enu_356, 2.02735711, 2.48656571, -1.29633610e-01, -1.26673180e-01
enu_erec_minus_enu_357, 2.02735711, 2.48656571, -1.26673180e-01, -1.23219345e-01
enu_erec_minus_enu_358, 2.02735711, 2.48656571, -1.23219345e-01, -1.20258915e-01
enu_erec_minus_enu_359, 2.02735711, 2.48656571, -1.20258915e-01, -1.17298486e-01
enu_erec_minus_enu_360, 2.02735711, 2.48656571, -1.17298486e-01, -1.14338056e-01
enu_erec_minus_enu_361, 2.02735711, 2.48656571, -1.14338056e-01, -1.10884221e-01
enu_erec_minus_enu_362, 2.02735711, 2.48656571, -1.10884221e-01, -1.07923791e-01
enu_erec_minus_enu_363, 2.02735711, 2.48656571, -1.07923791e-01, -1.04963361e-01
enu_erec_minus_enu_364, 2.02735711, 2.48656571, -1.04963361e-01, -1.02002931e-01
enu_erec_minus_enu_365, 2.02735711, 2.48656571, -1.02002931e-01, -9.90425012e-02
enu_erec_minus_enu_366, 2.02735711, 2.48656571, -9.90425012e-02, -9.60820713e-02
enu_erec_minus_enu_367, 2.02735711, 2.48656571, -9.60820713e-02, -9.31216414e-02
enu_erec_minus_enu_368, 2.02735711, 2.48656571, -9.31216414e-02, -9.01612115e-02
enu_erec_minus_enu_369, 2.02735711, 2.48656571, -9.01612115e-02, -8.72007816e-02
enu_erec_minus_enu_370, 2.02735711, 2.48656571, -8.72007816e-02, -8.42403517e-02
enu_erec_minus_enu_371, 2.02735711, 2.48656571, -8.42403517e-02, -8.12799218e-02
enu_erec_minus_enu_372, 2.02735711, 2.48656571, -8.12799218e-02, -7.83194919e-02
enu_erec_minus_enu_373, 2.02735711, 2.48656571, -7.83194919e-02, -7.53590620e-02
enu_erec_minus_enu_374, 2.02735711, 2.48656571, -7.53590620e-02, -7.23986321e-02
enu_erec_minus_enu_375, 2.02735711, 2.48656571, -7.23986321e-02, -6.99316072e-02
enu_erec_minus_enu_376, 2.02735711, 2.48656571, -6.99316072e-02, -6.69711773e-02
enu_erec_minus_enu_377, 2.02735711, 2.48656571, -6.69711773e-02, -6.40107474e-02
enu_erec_minus_enu_378, 2.02735711, 2.48656571, -6.40107474e-02, -6.10503175e-02
enu_erec_minus_enu_379, 2.02735711, 2.48656571, -6.10503175e-02, -5.80898876e-02
enu_erec_minus_enu_380, 2.02735711, 2.48656571, -5.80898876e-02, -5.51294577e-02
enu_erec_minus_enu_381, 2.02735711, 2.48656571, -5.51294577e-02, -5.21690278e-02
enu_erec_minus_enu_382, 2.02735711, 2.48656571, -5.21690278e-02, -4.92085979e-02
enu_erec_minus_enu_383, 2.02735711, 2.48656571, -4.92085979e-02, -4.62481681e-02
enu_erec_minus_enu_384, 2.02735711, 2.48656571, -4.62481681e-02, -4.27943332e-02
enu_erec_minus_enu_385, 2.02735711, 2.48656571, -4.27943332e-02, -3.98339033e-02
enu_erec_minus_enu_386, 2.02735711, 2.48656571, -3.98339033e-02, -3.68734734e-02
enu_erec_minus_enu_387, 2.02735711, 2.48656571, -3.68734734e-02, -3.39130435e-02
enu_erec_minus_enu_388, 2.02735711, 2.48656571, -3.39130435e-02, -3.09526136e-02
enu_erec_minus_enu_389, 2.02735711, 2.48656571, -3.09526136e-02, -2.74987787e-02
enu_erec_minus_enu_390, 2.02735711, 2.48656571, -2.74987787e-02, -2.45383488e-02
enu_erec_minus_enu_391, 2.02735711, 2.48656571, -2.45383488e-02, -2.10845139e-02
enu_erec_minus_enu_392, 2.02735711, 2.48656571, -2.10845139e-02, -1.81240840e-02
enu_erec_minus_enu_393, 2.02735711, 2.48656571, -1.81240840e-02, -1.46702491e-02
enu_erec_minus_enu_394, 2.02735711, 2.48656571, -1.46702491e-02, -1.12164143e-02
enu_erec_minus_enu_395, 2.02735711, 2.48656571, -1.12164143e-02, -7.76257938e-03
enu_erec_minus_enu_396, 2.02735711, 2.48656571, -7.76257938e-03, -4.30874450e-03
enu_erec_minus_enu_397, 2.02735711, 2.48656571, -4.30874450e-03, -8.54909624e-04
enu_erec_minus_enu_398, 2.02735711, 2.48656571, -8.54909624e-04, 2.59892526e-03
enu_erec_minus_enu_399, 2.02735711, 2.48656571, 2.59892526e-03, 6.54616512e-03
enu_erec_minus_enu_400, 2.02735711, 2.48656571, 6.54616512e-03, 1.00000000e-02
enu_erec_minus_enu_401, 2.48656571, 2.94088911, -1.00000000e+00, -6.82740596e-01
enu_erec_minus_enu_402, 2.48656571, 2.94088911, -6.82740596e-01, -6.05276014e-01
enu_erec_minus_enu_403, 2.48656571, 2.94088911, -6.05276014e-01, -5.55442110e-01
enu_erec_minus_enu_404, 2.48656571, 2.94088911, -5.55442110e-01, -5.17943332e-01
enu_erec_minus_enu_405, 2.48656571, 2.94088911, -5.17943332e-01, -4.87845628e-01
enu_erec_minus_enu_406, 2.48656571, 2.94088911, -4.87845628e-01, -4.62681974e-01
enu_erec_minus_enu_407, 2.48656571, 2.94088911, -4.62681974e-01, -4.41465559e-01
enu_erec_minus_enu_408, 2.48656571, 2.94088911, -4.41465559e-01, -4.22222765e-01
enu_erec_minus_enu_409, 2.48656571, 2.94088911, -4.22222765e-01, -4.05446996e-01
enu_erec_minus_enu_410, 2.48656571, 2.94088911, -4.05446996e-01, -3.90151441e-01
enu_erec_minus_enu_411, 2.48656571, 2.94088911, -3.90151441e-01, -3.76336102e-01
enu_erec_minus_enu_412, 2.48656571, 2.94088911, -3.76336102e-01, -3.63507572e-01
enu_erec_minus_enu_413, 2.48656571, 2.94088911, -3.63507572e-01, -3.52159257e-01
enu_erec_minus_enu_414, 2.48656571, 2.94088911, -3.52159257e-01, -3.41304348e-01
enu_erec_minus_enu_415, 2.48656571, 2.94088911, -3.41304348e-01, -3.30942843e-01
enu_erec_minus_enu_416, 2.48656571, 2.94088911, -3.30942843e-01, -3.21568149e-01
enu_erec_minus_enu_417, 2.48656571, 2.94088911, -3.21568149e-01, -3.12193454e-01
enu_erec_minus_enu_418, 2.48656571, 2.94088911, -3.12193454e-01, -3.03805569e-01
enu_erec_minus_enu_419, 2.48656571, 2.94088911, -3.03805569e-01, -2.95911089e-01
enu_erec_minus_enu_420, 2.48656571, 2.94088911, -2.95911089e-01, -2.88016610e-01
enu_erec_minus_enu_421, 2.48656571, 2.94088911, -2.88016610e-01, -2.81108940e-01
enu_erec_minus_enu_422, 2.48656571, 2.94088911, -2.81108940e-01, -2.73707865e-01
enu_erec_minus_enu_423, 2.48656571, 2.94088911, -2.73707865e-01, -2.67293600e-01
enu_erec_minus_enu_424, 2.48656571, 2.94088911, -2.67293600e-01, -2.60879336e-01
enu_erec_minus_enu_425, 2.48656571, 2.94088911, -2.60879336e-01, -2.54465071e-01
enu_erec_minus_enu_426, 2.48656571, 2.94088911, -2.54465071e-01, -2.48544211e-01
enu_erec_minus_enu_427, 2.48656571, 2.94088911, -2.48544211e-01, -2.43116756e-01
enu_erec_minus_enu_428, 2.48656571, 2.94088911, -2.43116756e-01, -2.37689301e-01
enu_erec_minus_enu_429, 2.48656571, 2.94088911, -2.37689301e-01, -2.32261847e-01
enu_erec_minus_enu_430, 2.48656571, 2.94088911, -2.32261847e-01, -2.26834392e-01
enu_erec_minus_enu_431, 2.48656571, 2.94088911, -2.26834392e-01, -2.21900342e-01
enu_erec_minus_enu_432, 2.48656571, 2.94088911, -2.21900342e-01, -2.16966292e-01
enu_erec_minus_enu_433, 2.48656571, 2.94088911, -2.16966292e-01, -2.12525647e-01
enu_erec_minus_enu_434, 2.48656571, 2.94088911, -2.12525647e-01, -2.08085002e-01
enu_erec_minus_enu_435, 2.48656571, 2.94088911, -2.08085002e-01, -2.03150953e-01
enu_erec_minus_enu_436, 2.48656571, 2.94088911, -2.03150953e-01, -1.99203713e-01
enu_erec_minus_enu_437, 2.48656571, 2.94088911, -1.99203713e-01, -1.94763068e-01
enu_erec_minus_enu_438, 2.48656571, 2.94088911, -1.94763068e-01, -1.90322423e-01
enu_erec_minus_enu_439, 2.48656571, 2.94088911, -1.90322423e-01, -1.86375183e-01
enu_erec_minus_enu_440, 2.48656571, 2.94088911, -1.86375183e-01, -1.82427943e-01
enu_erec_minus_enu_441, 2.48656571, 2.94088911, -1.82427943e-01, -1.78480703e-01
enu_erec_minus_enu_442, 2.48656571, 2.94088911, -1.78480703e-01, -1.74533464e-01
enu_erec_minus_enu_443, 2.48656571, 2.94088911, -1.74533464e-01, -1.71079629e-01
enu_erec_minus_enu_444, 2.48656571, 2.94088911, -1.71079629e-01, -1.67132389e-01
enu_erec_minus_enu_445, 2.48656571, 2.94088911, -1.67132389e-01, -1.63678554e-01
enu_erec_minus_enu_446, 2.48656571, 2.94088911, -1.63678554e-01, -1.59731314e-01
enu_erec_minus_enu_447, 2.48656571, 2.94088911, -1.59731314e-01, -1.56277479e-01
enu_erec_minus_enu_448, 2.48656571, 2.94088911, -1.56277479e-01, -1.52823644e-01
enu_erec_minus_enu_449, 2.48656571, 2.94088911, -1.52823644e-01, -1.49369809e-01
enu_erec_minus_enu_450, 2.48656571, 2.94088911, -1.49369809e-01, -1.45915975e-01
enu_erec_minus_enu_451, 2.48656571, 2.94088911, -1.45915975e-01, -1.42955545e-01
enu_erec_minus_enu_452, 2.48656571, 2.94088911, -1.42955545e-01, -1.39501710e-01
enu_erec_minus_enu_453, 2.48656571, 2.94088911, -1.39501710e-01, -1.36047875e-01
enu_erec_minus_enu_454, 2.48656571, 2.94088911, -1.36047875e-01, -1.33087445e-01
enu_erec_minus_enu_455, 2.48656571, 2.94088911, -1.33087445e-01, -1.29633610e-01
enu_erec_minus_enu_456, 2.48656571, 2.94088911, -1.29633610e-01, -1.26673180e-01
enu_erec_minus_enu_457, 2.48656571, 2.94088911, -1.26673180e-01, -1.23219345e-01
enu_erec_minus_enu_458, 2.48656571, 2.94088911, -1.23219345e-01, -1.20258915e-01
enu_erec_minus_enu_459, 2.48656571, 2.94088911, -1.20258915e-01, -1.17298486e-01
enu_erec_minus_enu_460, 2.48656571, 2.94088911, -1.17298486e-01, -1.14338056e-01
enu_erec_minus_enu_461, 2.48656571, 2.94088911, -1.14338056e-01, -1.10884221e-01
enu_erec_minus_enu_462, 2.48656571, 2.94088911, -1.10884221e-01, -1.07923791e-01
enu_erec_minus_enu_463, 2.48656571, 2.94088911, -1.07923791e-01, -1.04963361e-01
enu_erec_minus_enu_464, 2.48656571, 2.94088911, -1.04963361e-01, -1.02002931e-01
enu_erec_minus_enu_465, 2.48656571, 2.94088911, -1.02002931e-01, -9.90425012e-02
enu_erec_minus_enu_466, 2.48656571, 2.94088911, -9.90425012e-02, -9.60820713e-02
enu_erec_minus_enu_467, 2.48656571, 2.94088911, -9.60820713e-02, -9.31216414e-02
enu_erec_minus_enu_468, 2.48656571, 2.94088911, -9.31216414e-02, -9.01612115e-02
enu_erec_minus_enu_469, 2.48656571, 2.94088911, -9.01612115e-02, -8.72007816e-02
enu_erec_minus_enu_470, 2.48656571, 2.94088911, -8.72007816e-02, -8.42403517e-02
enu_erec_minus_enu_471, 2.48656571, 2.94088911, -8.42403517e-02, -8.12799218e-02
enu_erec_minus_enu_472, 2.48656571, 2.94088911, -8.12799218e-02, -7.83194919e-02
enu_erec_minus_enu_473, 2.48656571, 2.94088911, -7.83194919e-02, -7.53590620e-02
enu_erec_minus_enu_474, 2.48656571, 2.94088911, -7.53590620e-02, -7.23986321e-02
enu_erec_minus_enu_475, 2.48656571, 2.94088911, -7.23986321e-02, -6.99316072e-02
enu_erec_minus_enu_476, 2.48656571, 2.94088911, -6.99316072e-02, -6.69711773e-02
enu_erec_minus_enu_477, 2.48656571, 2.94088911, -6.69711773e-02, -6.40107474e-02
enu_erec_minus_enu_478, 2.48656571, 2.94088911, -6.40107474e-02, -6.10503175e-02
enu_erec_minus_enu_479, 2.48656571, 2.94088911, -6.10503175e-02, -5.80898876e-02
enu_erec_minus_enu_480, 2.48656571, 2.94088911, -5.80898876e-02, -5.51294577e-02
enu_erec_minus_enu_481, 2.48656571, 2.94088911, -5.51294577e-02, -5.21690278e-02
enu_erec_minus_enu_482, 2.48656571, 2.94088911, -5.21690278e-02, -4.92085979e-02
enu_erec_minus_enu_483, 2.48656571, 2.94088911, -4.92085979e-02, -4.62481681e-02
enu_erec_minus_enu_484, 2.48656571, 2.94088911, -4.62481681e-02, -4.27943332e-02
enu_erec_minus_enu_485, 2.48656571, 2.94088911, -4.27943332e-02, -3.98339033e-02
enu_erec_minus_enu_486, 2.48656571, 2.94088911, -3.98339033e-02, -3.68734734e-02
enu_erec_minus_enu_487, 2.48656571, 2.94088911, -3.68734734e-02, -3.39130435e-02
enu_erec_minus_enu_488, 2.48656571, 2.94088911, -3.39130435e-02, -3.09526136e-02
enu_erec_minus_enu_489, 2.48656571, 2.94088911, -3.09526136e-02, -2.74987787e-02
enu_erec_minus_enu_490, 2.48656571, 2.94088911, -2.74987787e-02, -2.45383488e-02
enu_erec_minus_enu_491, 2.48656571, 2.94088911, -2.45383488e-02, -2.10845139e-02
enu_erec_minus_enu_492, 2.48656571, 2.94088911, -2.10845139e-02, -1.81240840e-02
enu_erec_minus_enu_493, 2.48656571, 2.94088911, -1.81240840e-02, -1.46702491e-02
enu_erec_minus_enu_494, 2.48656571, 2.94088911, -1.46702491e-02, -1.12164143e-02
enu_erec_minus_enu_495, 2.48656571, 2.94088911, -1.12164143e-02, -7.76257938e-03
enu_erec_minus_enu_496, 2.48656571, 2.94088911, -7.76257938e-03, -4.30874450e-03
enu_erec_minus_enu_497, 2.48656571, 2.94088911, -4.30874450e-03, -8.54909624e-04
enu_erec_minus_enu_498, 2.48656571, 2.94088911, -8.54909624e-04, 2.59892526e-03
enu_erec_minus_enu_499, 2.48656571, 2.94088911, 2.59892526e-03, 6.54616512e-03
enu_erec_minus_enu_500, 2.48656571, 2.94088911, 6.54616512e-03, 1.00000000e-02
enu_erec_minus_enu_501, 2.94088911, 3.4147533, -1.00000000e+00, -6.82740596e-01
enu_erec_minus_enu_502, 2.94088911, 3.4147533, -6.82740596e-01, -6.05276014e-01
enu_erec_minus_enu_503, 2.94088911, 3.4147533, -6.05276014e-01, -5.55442110e-01
enu_erec_minus_enu_504, 2.94088911, 3.4147533, -5.55442110e-01, -5.17943332e-01
enu_erec_minus_enu_505, 2.94088911, 3.4147533, -5.17943332e-01, -4.87845628e-01
enu_erec_minus_enu_506, 2.94088911, 3.4147533, -4.87845628e-01, -4.62681974e-01
enu_erec_minus_enu_507, 2.94088911, 3.4147533, -4.62681974e-01, -4.41465559e-01
enu_erec_minus_enu_508, 2.94088911, 3.4147533, -4.41465559e-01, -4.22222765e-01
enu_erec_minus_enu_509, 2.94088911, 3.4147533, -4.22222765e-01, -4.05446996e-01
enu_erec_minus_enu_510, 2.94088911, 3.4147533, -4.05446996e-01, -3.90151441e-01
enu_erec_minus_enu_511, 2.94088911, 3.4147533, -3.90151441e-01, -3.76336102e-01
enu_erec_minus_enu_512, 2.94088911, 3.4147533, -3.76336102e-01, -3.63507572e-01
enu_erec_minus_enu_513, 2.94088911, 3.4147533, -3.63507572e-01, -3.52159257e-01
enu_erec_minus_enu_514, 2.94088911, 3.4147533, -3.52159257e-01, -3.41304348e-01
enu_erec_minus_enu_515, 2.94088911, 3.4147533, -3.41304348e-01, -3.30942843e-01
enu_erec_minus_enu_516, 2.94088911, 3.4147533, -3.30942843e-01, -3.21568149e-01
enu_erec_minus_enu_517, 2.94088911, 3.4147533, -3.21568149e-01, -3.12193454e-01
enu_erec_minus_enu_518, 2.94088911, 3.4147533, -3.12193454e-01, -3.03805569e-01
enu_erec_minus_enu_519, 2.94088911, 3.4147533, -3.03805569e-01, -2.95911089e-01
enu_erec_minus_enu_520, 2.94088911, 3.4147533, -2.95911089e-01, -2.88016610e-01
enu_erec_minus_enu_521, 2.94088911, 3.4147533, -2.88016610e-01, -2.81108940e-01
enu_erec_minus_enu_522, 2.94088911, 3.4147533, -2.81108940e-01, -2.73707865e-01
enu_erec_minus_enu_523, 2.94088911, 3.4147533, -2.73707865e-01, -2.67293600e-01
enu_erec_minus_enu_524, 2.94088911, 3.4147533, -2.67293600e-01, -2.60879336e-01
enu_erec_minus_enu_525, 2.94088911, 3.4147533, -2.60879336e-01, -2.54465071e-01
enu_erec_minus_enu_526, 2.94088911, 3.4147533, -2.54465071e-01, -2.48544211e-01
enu_erec_minus_enu_527, 2.94088911, 3.4147533, -2.48544211e-01, -2.43116756e-01
enu_erec_minus_enu_528, 2.94088911, 3.4147533, -2.43116756e-01, -2.37689301e-01
enu_erec_minus_enu_529, 2.94088911, 3.4147533, -2.37689301e-01, -2.32261847e-01
enu_erec_minus_enu_530, 2.94088911, 3.4147533, -2.32261847e-01, -2.26834392e-01
enu_erec_minus_enu_531, 2.94088911, 3.4147533, -2.26834392e-01, -2.21900342e-01
enu_erec_minus_enu_532, 2.94088911, 3.4147533, -2.21900342e-01, -2.16966292e-01
enu_erec_minus_enu_533, 2.94088911, 3.4147533, -2.16966292e-01, -2.12525647e-01
enu_erec_minus_enu_534, 2.94088911, 3.4147533, -2.12525647e-01, -2.08085002e-01
enu_erec_minus_enu_535, 2.94088911, 3.4147533, -2.08085002e-01, -2.03150953e-01
enu_erec_minus_enu_536, 2.94088911, 3.4147533, -2.03150953e-01, -1.99203713e-01
enu_erec_minus_enu_537, 2.94088911, 3.4147533, -1.99203713e-01, -1.94763068e-01
enu_erec_minus_enu_538, 2.94088911, 3.4147533, -1.94763068e-01, -1.90322423e-01
enu_erec_minus_enu_539, 2.94088911, 3.4147533, -1.90322423e-01, -1.86375183e-01
enu_erec_minus_enu_540, 2.94088911, 3.4147533, -1.86375183e-01, -1.82427943e-01
enu_erec_minus_enu_541, 2.94088911, 3.4147533, -1.82427943e-01, -1.78480703e-01
enu_erec_minus_enu_542, 2.94088911, 3.4147533, -1.78480703e-01, -1.74533464e-01
enu_erec_minus_enu_543, 2.94088911, 3.4147533, -1.74533464e-01, -1.71079629e-01
enu_erec_minus_enu_544, 2.94088911, 3.4147533, -1.71079629e-01, -1.67132389e-01
enu_erec_minus_enu_545, 2.94088911, 3.4147533, -1.67132389e-01, -1.63678554e-01
enu_erec_minus_enu_546, 2.94088911, 3.4147533, -1.63678554e-01, -1.59731314e-01
enu_erec_minus_enu_547, 2.94088911, 3.4147533, -1.59731314e-01, -1.56277479e-01
enu_erec_minus_enu_548, 2.94088911, 3.4147533, -1.56277479e-01, -1.52823644e-01
enu_erec_minus_enu_549, 2.94088911, 3.4147533, -1.52823644e-01, -1.49369809e-01
enu_erec_minus_enu_550, 2.94088911, 3.4147533, -1.49369809e-01, -1.45915975e-01
enu_erec_minus_enu_551, 2.94088911, 3.4147533, -1.45915975e-01, -1.42955545e-01
enu_erec_minus_enu_552, 2.94088911, 3.4147533, -1.42955545e-01, -1.39501710e-01
enu_erec_minus_enu_553, 2.94088911, 3.4147533, -1.39501710e-01, -1.36047875e-01
enu_erec_minus_enu_554, 2.94088911, 3.4147533, -1.36047875e-01, -1.33087445e-01
enu_erec_minus_enu_555, 2.94088911, 3.4147533, -1.33087445e-01, -1.29633610e-01
enu_erec_minus_enu_556, 2.94088911, 3.4147533, -1.29633610e-01, -1.26673180e-01
enu_erec_minus_enu_557, 2.94088911, 3.4147533, -1.26673180e-01, -1.23219345e-01
enu_erec_minus_enu_558, 2.94088911, 3.4147533, -1.23219345e-01, -1.20258915e-01
enu_erec_minus_enu_559, 2.94088911, 3.4147533, -1.20258915e-01, -1.17298486e-01
enu_erec_minus_enu_560, 2.94088911, 3.4147533, -1.17298486e-01, -1.14338056e-01
enu_erec_minus_enu_561, 2.94088911, 3.4147533, -1.14338056e-01, -1.10884221e-01
enu_erec_minus_enu_562, 2.94088911, 3.4147533, -1.10884221e-01, -1.07923791e-01
enu_erec_minus_enu_563, 2.94088911, 3.4147533, -1.07923791e-01, -1.04963361e-01
enu_erec_minus_enu_564, 2.94088911, 3.4147533, -1.04963361e-01, -1.02002931e-01
enu_erec_minus_enu_565, 2.94088911, 3.4147533, -1.02002931e-01, -9.90425012e-02
enu_erec_minus_enu_566, 2.94088911, 3.4147533, -9.90425012e-02, -9.60820713e-02
enu_erec_minus_enu_567, 2.94088911, 3.4147533, -9.60820713e-02, -9.31216414e-02
enu_erec_minus_enu_568, 2.94088911, 3.4147533, -9.31216414e-02, -9.01612115e-02
enu_erec_minus_enu_569, 2.94088911, 3.4147533, -9.01612115e-02, -8.72007816e-02
enu_erec_minus_enu_570, 2.94088911, 3.4147533, -8.72007816e-02, -8.42403517e-02
enu_erec_minus_enu_571, 2.94088911, 3.4147533, -8.42403517e-02, -8.12799218e-02
enu_erec_minus_enu_572, 2.94088911, 3.4147533, -8.12799218e-02, -7.83194919e-02
enu_erec_minus_enu_573, 2.94088911, 3.4147533, -7.83194919e-02, -7.53590620e-02
enu_erec_minus_enu_574, 2.94088911, 3.4147533, -7.53590620e-02, -7.23986321e-02
enu_erec_minus_enu_575, 2.94088911, 3.4147533, -7.23986321e-02, -6.99316072e-02
enu_erec_minus_enu_576, 2.94088911, 3.4147533, -6.99316072e-02, -6.69711773e-02
enu_erec_minus_enu_577, 2.94088911, 3.4147533, -6.69711773e-02, -6.40107474e-02
enu_erec_minus_enu_578, 2.94088911, 3.4147533, -6.40107474e-02, -6.10503175e-02
enu_erec_minus_enu_579, 2.94088911, 3.4147533, -6.10503175e-02, -5.80898876e-02
enu_erec_minus_enu_580, 2.94088911, 3.4147533, -5.80898876e-02, -5.51294577e-02
enu_erec_minus_enu_581, 2.94088911, 3.4147533, -5.51294577e-02, -5.21690278e-02
enu_erec_minus_enu_582, 2.94088911, 3.4147533, -5.21690278e-02, -4.92085979e-02
enu_erec_minus_enu_583, 2.94088911, 3.4147533, -4.92085979e-02, -4.62481681e-02
enu_erec_minus_enu_584, 2.94088911, 3.4147533, -4.62481681e-02, -4.27943332e-02
enu_erec_minus_enu_585, 2.94088911, 3.4147533, -4.27943332e-02, -3.98339033e-02
enu_erec_minus_enu_586, 2.94088911, 3.4147533, -3.98339033e-02, -3.68734734e-02
enu_erec_minus_enu_587, 2.94088911, 3.4147533, -3.68734734e-02, -3.39130435e-02
enu_erec_minus_enu_588, 2.94088911, 3.4147533, -3.39130435e-02, -3.09526136e-02
enu_erec_minus_enu_589, 2.94088911, 3.4147533, -3.09526136e-02, -2.74987787e-02
enu_erec_minus_enu_590, 2.94088911, 3.4147533, -2.74987787e-02, -2.45383488e-02
enu_erec_minus_enu_591, 2.94088911, 3.4147533, -2.45383488e-02, -2.10845139e-02
enu_erec_minus_enu_592, 2.94088911, 3.4147533, -2.10845139e-02, -1.81240840e-02
enu_erec_minus_enu_593, 2.94088911, 3.4147533, -1.81240840e-02, -1.46702491e-02
enu_erec_minus_enu_594, 2.94088911, 3.4147533, -1.46702491e-02, -1.12164143e-02
enu_erec_minus_enu_595, 2.94088911, 3.4147533, -1.12164143e-02, -7.76257938e-03
enu_erec_minus_enu_596, 2.94088911, 3.4147533, -7.76257938e-03, -4.30874450e-03
enu_erec_minus_enu_597, 2.94088911, 3.4147533, -4.30874450e-03, -8.54909624e-04
enu_erec_minus_enu_598, 2.94088911, 3.4147533, -8.54909624e-04, 2.59892526e-03
enu_erec_minus_enu_599, 2.94088911, 3.4147533, 2.59892526e-03, 6.54616512e-03
enu_erec_minus_enu_600, 2.94088911, 3.4147533, 6.54616512e-03, 1.00000000e-02
enu_erec_minus_enu_601, 3.4147533, 3.95701026, -1.00000000e+00, -6.82740596e-01
enu_erec_minus_enu_602, 3.4147533, 3.95701026, -6.82740596e-01, -6.05276014e-01
enu_erec_minus_enu_603, 3.4147533, 3.95701026, -6.05276014e-01, -5.55442110e-01
enu_erec_minus_enu_604, 3.4147533, 3.95701026, -5.55442110e-01, -5.17943332e-01
enu_erec_minus_enu_605, 3.4147533, 3.95701026, -5.17943332e-01, -4.87845628e-01
enu_erec_minus_enu_606, 3.4147533, 3.95701026, -4.87845628e-01, -4.62681974e-01
enu_erec_minus_enu_607, 3.4147533, 3.95701026, -4.62681974e-01, -4.41465559e-01
enu_erec_minus_enu_608, 3.4147533, 3.95701026, -4.41465559e-01, -4.22222765e-01
enu_erec_minus_enu_609, 3.4147533, 3.95701026, -4.22222765e-01, -4.05446996e-01
enu_erec_minus_enu_610, 3.4147533, 3.95701026, -4.05446996e-01, -3.90151441e-01
enu_erec_minus_enu_611, 3.4147533, 3.95701026, -3.90151441e-01, -3.76336102e-01
enu_erec_minus_enu_612, 3.4147533, 3.95701026, -3.76336102e-01, -3.63507572e-01
enu_erec_minus_enu_613, 3.4147533, 3.95701026, -3.63507572e-01, -3.52159257e-01
enu_erec_minus_enu_614, 3.4147533, 3.95701026, -3.52159257e-01, -3.41304348e-01
enu_erec_minus_enu_615, 3.4147533, 3.95701026, -3.41304348e-01, -3.30942843e-01
enu_erec_minus_enu_616, 3.4147533, 3.95701026, -3.30942843e-01, -3.21568149e-01
enu_erec_minus_enu_617, 3.4147533, 3.95701026, -3.21568149e-01, -3.12193454e-01
enu_erec_minus_enu_618, 3.4147533, 3.95701026, -3.12193454e-01, -3.03805569e-01
enu_erec_minus_enu_619, 3.4147533, 3.95701026, -3.03805569e-01, -2.95911089e-01
enu_erec_minus_enu_620, 3.4147533, 3.95701026, -2.95911089e-01, -2.88016610e-01
enu_erec_minus_enu_621, 3.4147533, 3.95701026, -2.88016610e-01, -2.81108940e-01
enu_erec_minus_enu_622, 3.4147533, 3.95701026, -2.81108940e-01, -2.73707865e-01
enu_erec_minus_enu_623, 3.4147533, 3.95701026, -2.73707865e-01, -2.67293600e-01
enu_erec_minus_enu_624, 3.4147533, 3.95701026, -2.67293600e-01, -2.60879336e-01
enu_erec_minus_enu_625, 3.4147533, 3.95701026, -2.60879336e-01, -2.54465071e-01
enu_erec_minus_enu_626, 3.4147533, 3.95701026, -2.54465071e-01, -2.48544211e-01
enu_erec_minus_enu_627, 3.4147533, 3.95701026, -2.48544211e-01, -2.43116756e-01
enu_erec_minus_enu_628, 3.4147533, 3.95701026, -2.43116756e-01, -2.37689301e-01
enu_erec_minus_enu_629, 3.4147533, 3.95701026, -2.37689301e-01, -2.32261847e-01
enu_erec_minus_enu_630, 3.4147533, 3.95701026, -2.32261847e-01, -2.26834392e-01
enu_erec_minus_enu_631, 3.4147533, 3.95701026, -2.26834392e-01, -2.21900342e-01
enu_erec_minus_enu_632, 3.4147533, 3.95701026, -2.21900342e-01, -2.16966292e-01
enu_erec_minus_enu_633, 3.4147533, 3.95701026, -2.16966292e-01, -2.12525647e-01
enu_erec_minus_enu_634, 3.4147533, 3.95701026, -2.12525647e-01, -2.08085002e-01
enu_erec_minus_enu_635, 3.4147533, 3.95701026, -2.08085002e-01, -2.03150953e-01
enu_erec_minus_enu_636, 3.4147533, 3.95701026, -2.03150953e-01, -1.99203713e-01
enu_erec_minus_enu_637, 3.4147533, 3.95701026, -1.99203713e-01, -1.94763068e-01
enu_erec_minus_enu_638, 3.4147533, 3.95701026, -1.94763068e-01, -1.90322423e-01
enu_erec_minus_enu_639, 3.4147533, 3.95701026, -1.90322423e-01, -1.86375183e-01
enu_erec_minus_enu_640, 3.4147533, 3.95701026, -1.86375183e-01, -1.82427943e-01
enu_erec_minus_enu_641, 3.4147533, 3.95701026, -1.82427943e-01, -1.78480703e-01
enu_erec_minus_enu_642, 3.4147533, 3.95701026, -1.78480703e-01, -1.74533464e-01
enu_erec_minus_enu_643, 3.4147533, 3.95701026, -1.74533464e-01, -1.71079629e-01
enu_erec_minus_enu_644, 3.4147533, 3.95701026, -1.71079629e-01, -1.67132389e-01
enu_erec_minus_enu_645, 3.4147533, 3.95701026, -1.67132389e-01, -1.63678554e-01
enu_erec_minus_enu_646, 3.4147533, 3.95701026, -1.63678554e-01, -1.59731314e-01
enu_erec_minus_enu_647, 3.4147533, 3.95701026, -1.59731314e-01, -1.56277479e-01
enu_erec_minus_enu_648, 3.4147533, 3.95701026, -1.56277479e-01, -1.52823644e-01
enu_erec_minus_enu_649, 3.4147533, 3.95701026, -1.52823644e-01, -1.49369809e-01
enu_erec_minus_enu_650, 3.4147533, 3.95701026, -1.49369809e-01, -1.45915975e-01
enu_erec_minus_enu_651, 3.4147533, 3.95701026, -1.45915975e-01, -1.42955545e-01
enu_erec_minus_enu_652, 3.4147533, 3.95701026, -1.42955545e-01, -1.39501710e-01
enu_erec_minus_enu_653, 3.4147533, 3.95701026, -1.39501710e-01, -1.36047875e-01
enu_erec_minus_enu_654, 3.4147533, 3.95701026, -1.36047875e-01, -1.33087445e-01
enu_erec_minus_enu_655, 3.4147533, 3.95701026, -1.33087445e-01, -1.29633610e-01
enu_erec_minus_enu_656, 3.4147533, 3.95701026, -1.29633610e-01, -1.26673180e-01
enu_erec_minus_enu_657, 3.4147533, 3.95701026, -1.26673180e-01, -1.23219345e-01
enu_erec_minus_enu_658, 3.4147533, 3.95701026, -1.23219345e-01, -1.20258915e-01
enu_erec_minus_enu_659, 3.4147533, 3.95701026, -1.20258915e-01, -1.17298486e-01
enu_erec_minus_enu_660, 3.4147533, 3.95701026, -1.17298486e-01, -1.14338056e-01
enu_erec_minus_enu_661, 3.4147533, 3.95701026, -1.14338056e-01, -1.10884221e-01
enu_erec_minus_enu_662, 3.4147533, 3.95701026, -1.10884221e-01, -1.07923791e-01
enu_erec_minus_enu_663, 3.4147533, 3.95701026, -1.07923791e-01, -1.04963361e-01
enu_erec_minus_enu_664, 3.4147533, 3.95701026, -1.04963361e-01, -1.02002931e-01
enu_erec_minus_enu_665, 3.4147533, 3.95701026, -1.02002931e-01, -9.90425012e-02
enu_erec_minus_enu_666, 3.4147533, 3.95701026, -9.90425012e-02, -9.60820713e-02
enu_erec_minus_enu_667, 3.4147533, 3.95701026, -9.60820713e-02, -9.31216414e-02
enu_erec_minus_enu_668, 3.4147533, 3.95701026, -9.31216414e-02, -9.01612115e-02
enu_erec_minus_enu_669, 3.4147533, 3.95701026, -9.01612115e-02, -8.72007816e-02
enu_erec_minus_enu_670, 3.4147533, 3.95701026, -8.72007816e-02, -8.42403517e-02
enu_erec_minus_enu_671, 3.4147533, 3.95701026, -8.42403517e-02, -8.12799218e-02
enu_erec_minus_enu_672, 3.4147533, 3.95701026, -8.12799218e-02, -7.83194919e-02
enu_erec_minus_enu_673, 3.4147533, 3.95701026, -7.83194919e-02, -7.53590620e-02
enu_erec_minus_enu_674, 3.4147533, 3.95701026, -7.53590620e-02, -7.23986321e-02
enu_erec_minus_enu_675, 3.4147533, 3.95701026, -7.23986321e-02, -6.99316072e-02
enu_erec_minus_enu_676, 3.4147533, 3.95701026, -6.99316072e-02, -6.69711773e-02
enu_erec_minus_enu_677, 3.4147533, 3.95701026, -6.69711773e-02, -6.40107474e-02
enu_erec_minus_enu_678, 3.4147533, 3.95701026, -6.40107474e-02, -6.10503175e-02
enu_erec_minus_enu_679, 3.4147533, 3.95701026, -6.10503175e-02, -5.80898876e-02
enu_erec_minus_enu_680, 3.4147533, 3.95701026, -5.80898876e-02, -5.51294577e-02
enu_erec_minus_enu_681, 3.4147533, 3.95701026, -5.51294577e-02, -5.21690278e-02
enu_erec_minus_enu_682, 3.4147533, 3.95701026, -5.21690278e-02, -4.92085979e-02
enu_erec_minus_enu_683, 3.4147533, 3.95701026, -4.92085979e-02, -4.62481681e-02
enu_erec_minus_enu_684, 3.4147533, 3.95701026, -4.62481681e-02, -4.27943332e-02
enu_erec_minus_enu_685, 3.4147533, 3.95701026, -4.27943332e-02, -3.98339033e-02
enu_erec_minus_enu_686, 3.4147533, 3.95701026, -3.98339033e-02, -3.68734734e-02
enu_erec_minus_enu_687, 3.4147533, 3.95701026, -3.68734734e-02, -3.39130435e-02
enu_erec_minus_enu_688, 3.4147533, 3.95701026, -3.39130435e-02, -3.09526136e-02
enu_erec_minus_enu_689, 3.4147533, 3.95701026, -3.09526136e-02, -2.74987787e-02
enu_erec_minus_enu_690, 3.4147533, 3.95701026, -2.74987787e-02, -2.45383488e-02
enu_erec_minus_enu_691, 3.4147533, 3.95701026, -2.45383488e-02, -2.10845139e-02
enu_erec_minus_enu_692, 3.4147533, 3.95701026, -2.10845139e-02, -1.81240840e-02
enu_erec_minus_enu_693, 3.4147533, 3.95701026, -1.81240840e-02, -1.46702491e-02
enu_erec_minus_enu_694, 3.4147533, 3.95701026, -1.46702491e-02, -1.12164143e-02
enu_erec_minus_enu_695, 3.4147533, 3.95701026, -1.12164143e-02, -7.76257938e-03
enu_erec_minus_enu_696, 3.4147533, 3.95701026, -7.76257938e-03, -4.30874450e-03
enu_erec_minus_enu_697, 3.4147533, 3.95701026, -4.30874450e-03, -8.54909624e-04
enu_erec_minus_enu_698, 3.4147533, 3.95701026, -8.54909624e-04, 2.59892526e-03
enu_erec_minus_enu_699, 3.4147533, 3.95701026, 2.59892526e-03, 6.54616512e-03
enu_erec_minus_enu_700, 3.4147533, 3.95701026, 6.54616512e-03, 1.00000000e-02
enu_erec_minus_enu_701, 3.95701026, 4.64582316, -1.00000000e+00, -6.82740596e-01
enu_erec_minus_enu_702, 3.95701026, 4.64582316, -6.82740596e-01, -6.05276014e-01
enu_erec_minus_enu_703, 3.95701026, 4.64582316, -6.05276014e-01, -5.55442110e-01
enu_erec_minus_enu_704, 3.95701026, 4.64582316, -5.55442110e-01, -5.17943332e-01
enu_erec_minus_enu_705, 3.95701026, 4.64582316, -5.17943332e-01, -4.87845628e-01
enu_erec_minus_enu_706, 3.95701026, 4.64582316, -4.87845628e-01, -4.62681974e-01
enu_erec_minus_enu_707, 3.95701026, 4.64582316, -4.62681974e-01, -4.41465559e-01
enu_erec_minus_enu_708, 3.95701026, 4.64582316, -4.41465559e-01, -4.22222765e-01
enu_erec_minus_enu_709, 3.95701026, 4.64582316, -4.22222765e-01, -4.05446996e-01
enu_erec_minus_enu_710, 3.95701026, 4.64582316, -4.05446996e-01, -3.90151441e-01
enu_erec_minus_enu_711, 3.95701026, 4.64582316, -3.90151441e-01, -3.76336102e-01
enu_erec_minus_enu_712, 3.95701026, 4.64582316, -3.76336102e-01, -3.63507572e-01
enu_erec_minus_enu_713, 3.95701026, 4.64582316, -3.63507572e-01, -3.52159257e-01
enu_erec_minus_enu_714, 3.95701026, 4.64582316, -3.52159257e-01, -3.41304348e-01
enu_erec_minus_enu_715, 3.95701026, 4.64582316, -3.41304348e-01, -3.30942843e-01
enu_erec_minus_enu_716, 3.95701026, 4.64582316, -3.30942843e-01, -3.21568149e-01
enu_erec_minus_enu_717, 3.95701026, 4.64582316, -3.21568149e-01, -3.12193454e-01
enu_erec_minus_enu_718, 3.95701026, 4.64582316, -3.12193454e-01, -3.03805569e-01
enu_erec_minus_enu_719, 3.95701026, 4.64582316, -3.03805569e-01, -2.95911089e-01
enu_erec_minus_enu_720, 3.95701026, 4.64582316, -2.95911089e-01, -2.88016610e-01
enu_erec_minus_enu_721, 3.95701026, 4.64582316, -2.88016610e-01, -2.81108940e-01
enu_erec_minus_enu_722, 3.95701026, 4.64582316, -2.81108940e-01, -2.73707865e-01
enu_erec_minus_enu_723, 3.95701026, 4.64582316, -2.73707865e-01, -2.67293600e-01
enu_erec_minus_enu_724, 3.95701026, 4.64582316, -2.67293600e-01, -2.60879336e-01
enu_erec_minus_enu_725, 3.95701026, 4.64582316, -2.60879336e-01, -2.54465071e-01
enu_erec_minus_enu_726, 3.95701026, 4.64582316, -2.54465071e-01, -2.48544211e-01
enu_erec_minus_enu_727, 3.95701026, 4.64582316, -2.48544211e-01, -2.43116756e-01
enu_erec_minus_enu_728, 3.95701026, 4.64582316, -2.43116756e-01, -2.37689301e-01
enu_erec_minus_enu_729, 3.95701026, 4.64582316, -2.37689301e-01, -2.32261847e-01
enu_erec_minus_enu_730, 3.95701026, 4.64582316, -2.32261847e-01, -2.26834392e-01
enu_erec_minus_enu_731, 3.95701026, 4.64582316, -2.26834392e-01, -2.21900342e-01
enu_erec_minus_enu_732, 3.95701026, 4.64582316, -2.21900342e-01, -2.16966292e-01
enu_erec_minus_enu_733, 3.95701026, 4.64582316, -2.16966292e-01, -2.12525647e-01
enu_erec_minus_enu_734, 3.95701026, 4.64582316, -2.12525647e-01, -2.08085002e-01
enu_erec_minus_enu_735, 3.95701026, 4.64582316, -2.08085002e-01, -2.03150953e-01
enu_erec_minus_enu_736, 3.95701026, 4.64582316, -2.03150953e-01, -1.99203713e-01
enu_erec_minus_enu_737, 3.95701026, 4.64582316, -1.99203713e-01, -1.94763068e-01
enu_erec_minus_enu_738, 3.95701026, 4.64582316, -1.94763068e-01, -1.90322423e-01
enu_erec_minus_enu_739, 3.95701026, 4.64582316, -1.90322423e-01, -1.86375183e-01
enu_erec_minus_enu_740, 3.95701026, 4.64582316, -1.86375183e-01, -1.82427943e-01
enu_erec_minus_enu_741, 3.95701026, 4.64582316, -1.82427943e-01, -1.78480703e-01
enu_erec_minus_enu_742, 3.95701026, 4.64582316, -1.78480703e-01, -1.74533464e-01
enu_erec_minus_enu_743, 3.95701026, 4.64582316, -1.74533464e-01, -1.71079629e-01
enu_erec_minus_enu_744, 3.95701026, 4.64582316, -1.71079629e-01, -1.67132389e-01
enu_erec_minus_enu_745, 3.95701026, 4.64582316, -1.67132389e-01, -1.63678554e-01
enu_erec_minus_enu_746, 3.95701026, 4.64582316, -1.63678554e-01, -1.59731314e-01
enu_erec_minus_enu_747, 3.95701026, 4.64582316, -1.59731314e-01, -1.56277479e-01
enu_erec_minus_enu_748, 3.95701026, 4.64582316, -1.56277479e-01, -1.52823644e-01
enu_erec_minus_enu_749, 3.95701026, 4.64582316, -1.52823644e-01, -1.49369809e-01
enu_erec_minus_enu_750, 3.95701026, 4.64582316, -1.49369809e-01, -1.45915975e-01
enu_erec_minus_enu_751, 3.95701026, 4.64582316, -1.45915975e-01, -1.42955545e-01
enu_erec_minus_enu_752, 3.95701026, 4.64582316, -1.42955545e-01, -1.39501710e-01
enu_erec_minus_enu_753, 3.95701026, 4.64582316, -1.39501710e-01, -1.36047875e-01
enu_erec_minus_enu_754, 3.95701026, 4.64582316, -1.36047875e-01, -1.33087445e-01
enu_erec_minus_enu_755, 3.95701026, 4.64582316, -1.33087445e-01, -1.29633610e-01
enu_erec_minus_enu_756, 3.95701026, 4.64582316, -1.29633610e-01, -1.26673180e-01
enu_erec_minus_enu_757, 3.95701026, 4.64582316, -1.26673180e-01, -1.23219345e-01
enu_erec_minus_enu_758, 3.95701026, 4.64582316, -1.23219345e-01, -1.20258915e-01
enu_erec_minus_enu_759, 3.95701026, 4.64582316, -1.20258915e-01, -1.17298486e-01
enu_erec_minus_enu_760, 3.95701026, 4.64582316, -1.17298486e-01, -1.14338056e-01
enu_erec_minus_enu_761, 3.95701026, 4.64582316, -1.14338056e-01, -1.10884221e-01
enu_erec_minus_enu_762, 3.95701026, 4.64582316, -1.10884221e-01, -1.07923791e-01
enu_erec_minus_enu_763, 3.95701026, 4.64582316, -1.07923791e-01, -1.04963361e-01
enu_erec_minus_enu_764, 3.95701026, 4.64582316, -1.04963361e-01, -1.02002931e-01
enu_erec_minus_enu_765, 3.95701026, 4.64582316, -1.02002931e-01, -9.90425012e-02
enu_erec_minus_enu_766, 3.95701026, 4.64582316, -9.90425012e-02, -9.60820713e-02
enu_erec_minus_enu_767, 3.95701026, 4.64582316, -9.60820713e-02, -9.31216414e-02
enu_erec_minus_enu_768, 3.95701026, 4.64582316, -9.31216414e-02, -9.01612115e-02
enu_erec_minus_enu_769, 3.95701026, 4.64582316, -9.01612115e-02, -8.72007816e-02
enu_erec_minus_enu_770, 3.95701026, 4.64582316, -8.72007816e-02, -8.42403517e-02
enu_erec_minus_enu_771, 3.95701026, 4.64582316, -8.42403517e-02, -8.12799218e-02
enu_erec_minus_enu_772, 3.95701026, 4.64582316, -8.12799218e-02, -7.83194919e-02
enu_erec_minus_enu_773, 3.95701026, 4.64582316, -7.83194919e-02, -7.53590620e-02
enu_erec_minus_enu_774, 3.95701026, 4.64582316, -7.53590620e-02, -7.23986321e-02
enu_erec_minus_enu_775, 3.95701026, 4.64582316, -7.23986321e-02, -6.99316072e-02
enu_erec_minus_enu_776, 3.95701026, 4.64582316, -6.99316072e-02, -6.69711773e-02
enu_erec_minus_enu_777, 3.95701026, 4.64582316, -6.69711773e-02, -6.40107474e-02
enu_erec_minus_enu_778, 3.95701026, 4.64582316, -6.40107474e-02, -6.10503175e-02
enu_erec_minus_enu_779, 3.95701026, 4.64582316, -6.10503175e-02, -5.80898876e-02
enu_erec_minus_enu_780, 3.95701026, 4.64582316, -5.80898876e-02, -5.51294577e-02
enu_erec_minus_enu_781, 3.95701026, 4.64582316, -5.51294577e-02, -5.21690278e-02
enu_erec_minus_enu_782, 3.95701026, 4.64582316, -5.21690278e-02, -4.92085979e-02
enu_erec_minus_enu_783, 3.95701026, 4.64582316, -4.92085979e-02, -4.62481681e-02
enu_erec_minus_enu_784, 3.95701026, 4.64582316, -4.62481681e-02, -4.27943332e-02
enu_erec_minus_enu_785, 3.95701026, 4.64582316, -4.27943332e-02, -3.98339033e-02
enu_erec_minus_enu_786, 3.95701026, 4.64582316, -3.98339033e-02, -3.68734734e-02
enu_erec_minus_enu_787, 3.95701026, 4.64582316, -3.68734734e-02, -3.39130435e-02
enu_erec_minus_enu_788, 3.95701026, 4.64582316, -3.39130435e-02, -3.09526136e-02
enu_erec_minus_enu_789, 3.95701026, 4.64582316, -3.09526136e-02, -2.74987787e-02
enu_erec_minus_enu_790, 3.95701026, 4.64582316, -2.74987787e-02, -2.45383488e-02
enu_erec_minus_enu_791, 3.95701026, 4.64582316, -2.45383488e-02, -2.10845139e-02
enu_erec_minus_enu_792, 3.95701026, 4.64582316, -2.10845139e-02, -1.81240840e-02
enu_erec_minus_enu_793, 3.95701026, 4.64582316, -1.81240840e-02, -1.46702491e-02
enu_erec_minus_enu_794, 3.95701026, 4.64582316, -1.46702491e-02, -1.12164143e-02
enu_erec_minus_enu_795, 3.95701026, 4.64582316, -1.12164143e-02, -7.76257938e-03
enu_erec_minus_enu_796, 3.95701026, 4.64582316, -7.76257938e-03, -4.30874450e-03
enu_erec_minus_enu_797, 3.95701026, 4.64582316, -4.30874450e-03, -8.54909624e-04
enu_erec_minus_enu_798, 3.95701026, 4.64582316, -8.54909624e-04, 2.59892526e-03
enu_erec_minus_enu_799, 3.95701026, 4.64582316, 2.59892526e-03, 6.54616512e-03
enu_erec_minus_enu_800, 3.95701026, 4.64582316, 6.54616512e-03, 1.00000000e-02
enu_erec_minus_enu_801, 4.64582316, 5.77918906, -1.00000000e+00, -6.82740596e-01
enu_erec_minus_enu_802, 4.64582316, 5.77918906, -6.82740596e-01, -6.05276014e-01
enu_erec_minus_enu_803, 4.64582316, 5.77918906, -6.05276014e-01, -5.55442110e-01
enu_erec_minus_enu_804, 4.64582316, 5.77918906, -5.55442110e-01, -5.17943332e-01
enu_erec_minus_enu_805, 4.64582316, 5.77918906, -5.17943332e-01, -4.87845628e-01
enu_erec_minus_enu_806, 4.64582316, 5.77918906, -4.87845628e-01, -4.62681974e-01
enu_erec_minus_enu_807, 4.64582316, 5.77918906, -4.62681974e-01, -4.41465559e-01
enu_erec_minus_enu_808, 4.64582316, 5.77918906, -4.41465559e-01, -4.22222765e-01
enu_erec_minus_enu_809, 4.64582316, 5.77918906, -4.22222765e-01, -4.05446996e-01
enu_erec_minus_enu_810, 4.64582316, 5.77918906, -4.05446996e-01, -3.90151441e-01
enu_erec_minus_enu_811, 4.64582316, 5.77918906, -3.90151441e-01, -3.76336102e-01
enu_erec_minus_enu_812, 4.64582316, 5.77918906, -3.76336102e-01, -3.63507572e-01
enu_erec_minus_enu_813, 4.64582316, 5.77918906, -3.63507572e-01, -3.52159257e-01
enu_erec_minus_enu_814, 4.64582316, 5.77918906, -3.52159257e-01, -3.41304348e-01
enu_erec_minus_enu_815, 4.64582316, 5.77918906, -3.41304348e-01, -3.30942843e-01
enu_erec_minus_enu_816, 4.64582316, 5.77918906, -3.30942843e-01, -3.21568149e-01
enu_erec_minus_enu_817, 4.64582316, 5.77918906, -3.21568149e-01, -3.12193454e-01
enu_erec_minus_enu_818, 4.64582316, 5.77918906, -3.12193454e-01, -3.03805569e-01
enu_erec_minus_enu_819, 4.64582316, 5.77918906, -3.03805569e-01, -2.95911089e-01
enu_erec_minus_enu_820, 4.64582316, 5.77918906, -2.95911089e-01, -2.88016610e-01
enu_erec_minus_enu_821, 4.64582316, 5.77918906, -2.88016610e-01, -2.81108940e-01
enu_erec_minus_enu_822, 4.64582316, 5.77918906, -2.81108940e-01, -2.73707865e-01
enu_erec_minus_enu_823, 4.64582316, 5.77918906, -2.73707865e-01, -2.67293600e-01
enu_erec_minus_enu_824, 4.64582316, 5.77918906, -2.67293600e-01, -2.60879336e-01
enu_erec_minus_enu_825, 4.64582316, 5.77918906, -2.60879336e-01, -2.54465071e-01
enu_erec_minus_enu_826, 4.64582316, 5.77918906, -2.54465071e-01, -2.48544211e-01
enu_erec_minus_enu_827, 4.64582316, 5.77918906, -2.48544211e-01, -2.43116756e-01
enu_erec_minus_enu_828, 4.64582316, 5.77918906, -2.43116756e-01, -2.37689301e-01
enu_erec_minus_enu_829, 4.64582316, 5.77918906, -2.37689301e-01, -2.32261847e-01
enu_erec_minus_enu_830, 4.64582316, 5.77918906, -2.32261847e-01, -2.26834392e-01
enu_erec_minus_enu_831, 4.64582316, 5.77918906, -2.26834392e-01, -2.21900342e-01
enu_erec_minus_enu_832, 4.64582316, 5.77918906, -2.21900342e-01, -2.16966292e-01
enu_erec_minus_enu_833, 4.64582316, 5.77918906, -2.16966292e-01, -2.12525647e-01
enu_erec_minus_enu_834, 4.64582316, 5.77918906, -2.12525647e-01, -2.08085002e-01
enu_erec_minus_enu_835, 4.64582316, 5.77918906, -2.08085002e-01, -2.03150953e-01
enu_erec_minus_enu_836, 4.64582316, 5.77918906, -2.03150953e-01, -1.99203713e-01
enu_erec_minus_enu_837, 4.64582316, 5.77918906, -1.99203713e-01, -1.94763068e-01
enu_erec_minus_enu_838, 4.64582316, 5.77918906, -1.94763068e-01, -1.90322423e-01
enu_erec_minus_enu_839, 4.64582316, 5.77918906, -1.90322423e-01, -1.86375183e-01
enu_erec_minus_enu_840, 4.64582316, 5.77918906, -1.86375183e-01, -1.82427943e-01
enu_erec_minus_enu_841, 4.64582316, 5.77918906, -1.82427943e-01, -1.78480703e-01
enu_erec_minus_enu_842, 4.64582316, 5.77918906, -1.78480703e-01, -1.74533464e-01
enu_erec_minus_enu_843, 4.64582316, 5.77918906, -1.74533464e-01, -1.71079629e-01
enu_erec_minus_enu_844, 4.64582316, 5.77918906, -1.71079629e-01, -1.67132389e-01
enu_erec_minus_enu_845, 4.64582316, 5.77918906, -1.67132389e-01, -1.63678554e-01
enu_erec_minus_enu_846, 4.64582316, 5.77918906, -1.63678554e-01, -1.59731314e-01
enu_erec_minus_enu_847, 4.64582316, 5.77918906, -1.59731314e-01, -1.56277479e-01
enu_erec_minus_enu_848, 4.64582316, 5.77918906, -1.56277479e-01, -1.52823644e-01
enu_erec_minus_enu_849, 4.64582316, 5.77918906, -1.52823644e-01, -1.49369809e-01
enu_erec_minus_enu_850, 4.64582316, 5.77918906, -1.49369809e-01, -1.45915975e-01
enu_erec_minus_enu_851, 4.64582316, 5.77918906, -1.45915975e-01, -1.42955545e-01
enu_erec_minus_enu_852, 4.64582316, 5.77918906, -1.42955545e-01, -1.39501710e-01
enu_erec_minus_enu_853, 4.64582316, 5.77918906, -1.39501710e-01, -1.36047875e-01
enu_erec_minus_enu_854, 4.64582316, 5.77918906, -1.36047875e-01, -1.33087445e-01
enu_erec_minus_enu_855, 4.64582316, 5.77918906, -1.33087445e-01, -1.29633610e-01
enu_erec_minus_enu_856, 4.64582316, 5.77918906, -1.29633610e-01, -1.26673180e-01
enu_erec_minus_enu_857, 4.64582316, 5.77918906, -1.26673180e-01, -1.23219345e-01
enu_erec_minus_enu_858, 4.64582316, 5.77918906, -1.23219345e-01, -1.20258915e-01
enu_erec_minus_enu_859, 4.64582316, 5.77918906, -1.20258915e-01, -1.17298486e-01
enu_erec_minus_enu_860, 4.64582316, 5.77918906, -1.17298486e-01, -1.14338056e-01
enu_erec_minus_enu_861, 4.64582316, 5.77918906, -1.14338056e-01, -1.10884221e-01
enu_erec_minus_enu_862, 4.64582316, 5.77918906, -1.10884221e-01, -1.07923791e-01
enu_erec_minus_enu_863, 4.64582316, 5.77918906, -1.07923791e-01, -1.04963361e-01
enu_erec_minus_enu_864, 4.64582316, 5.77918906, -1.04963361e-01, -1.02002931e-01
enu_erec_minus_enu_865, 4.64582316, 5.77918906, -1.02002931e-01, -9.90425012e-02
enu_erec_minus_enu_866, 4.64582316, 5.77918906, -9.90425012e-02, -9.60820713e-02
enu_erec_minus_enu_867, 4.64582316, 5.77918906, -9.60820713e-02, -9.31216414e-02
enu_erec_minus_enu_868, 4.64582316, 5.77918906, -9.31216414e-02, -9.01612115e-02
enu_erec_minus_enu_869, 4.64582316, 5.77918906, -9.01612115e-02, -8.72007816e-02
enu_erec_minus_enu_870, 4.64582316, 5.77918906, -8.72007816e-02, -8.42403517e-02
enu_erec_minus_enu_871, 4.64582316, 5.77918906, -8.42403517e-02, -8.12799218e-02
enu_erec_minus_enu_872, 4.64582316, 5.77918906, -8.12799218e-02, -7.83194919e-02
enu_erec_minus_enu_873, 4.64582316, 5.77918906, -7.83194919e-02, -7.53590620e-02
enu_erec_minus_enu_874, 4.64582316, 5.77918906, -7.53590620e-02, -7.23986321e-02
enu_erec_minus_enu_875, 4.64582316, 5.77918906, -7.23986321e-02, -6.99316072e-02
enu_erec_minus_enu_876, 4.64582316, 5.77918906, -6.99316072e-02, -6.69711773e-02
enu_erec_minus_enu_877, 4.64582316, 5.77918906, -6.69711773e-02, -6.40107474e-02
enu_erec_minus_enu_878, 4.64582316, 5.77918906, -6.40107474e-02, -6.10503175e-02
enu_erec_minus_enu_879, 4.64582316, 5.77918906, -6.10503175e-02, -5.80898876e-02
enu_erec_minus_enu_880, 4.64582316, 5.77918906, -5.80898876e-02, -5.51294577e-02
enu_erec_minus_enu_881, 4.64582316, 5.77918906, -5.51294577e-02, -5.21690278e-02
enu_erec_minus_enu_882, 4.64582316, 5.77918906, -5.21690278e-02, -4.92085979e-02
enu_erec_minus_enu_883, 4.64582316, 5.77918906, -4.92085979e-02, -4.62481681e-02
enu_erec_minus_enu_884, 4.64582316, 5.77918906, -4.62481681e-02, -4.27943332e-02
enu_erec_minus_enu_885, 4.64582316, 5.77918906, -4.27943332e-02, -3.98339033e-02
enu_erec_minus_enu_886, 4.64582316, 5.77918906, -3.98339033e-02, -3.68734734e-02
enu_erec_minus_enu_887, 4.64582316, 5.77918906, -3.68734734e-02, -3.39130435e-02
enu_erec_minus_enu_888, 4.64582316, 5.77918906, -3.39130435e-02, -3.09526136e-02
enu_erec_minus_enu_889, 4.64582316, 5.77918906, -3.09526136e-02, -2.74987787e-02
enu_erec_minus_enu_890, 4.64582316, 5.77918906, -2.74987787e-02, -2.45383488e-02
enu_erec_minus_enu_891, 4.64582316, 5.77918906, -2.45383488e-02, -2.10845139e-02
enu_erec_minus_enu_892, 4.64582316, 5.77918906, -2.10845139e-02, -1.81240840e-02
enu_erec_minus_enu_893, 4.64582316, 5.77918906, -1.81240840e-02, -1.46702491e-02
enu_erec_minus_enu_894, 4.64582316, 5.77918906, -1.46702491e-02, -1.12164143e-02
enu_erec_minus_enu_895, 4.64582316, 5.77918906, -1.12164143e-02, -7.76257938e-03
enu_erec_minus_enu_896, 4.64582316, 5.77918906, -7.76257938e-03, -4.30874450e-03
enu_erec_minus_enu_897, 4.64582316, 5.77918906, -4.30874450e-03, -8.54909624e-04
enu_erec_minus_enu_898, 4.64582316, 5.77918906, -8.54909624e-04, 2.59892526e-03
enu_erec_minus_enu_899, 4.64582316, 5.77918906, 2.59892526e-03, 6.54616512e-03
enu_erec_minus_enu_900, 4.64582316, 5.77918906, 6.54616512e-03, 1.00000000e-02
enu_erec_minus_enu_901, 5.77918906, 10.0, -1.00000000e+00, -6.82740596e-01
enu_erec_minus_enu_902, 5.77918906, 10.0, -6.82740596e-01, -6.05276014e-01
enu_erec_minus_enu_903, 5.77918906, 10.0, -6.05276014e-01, -5.55442110e-01
enu_erec_minus_enu_904, 5.77918906, 10.0, -5.55442110e-01, -5.17943332e-01
enu_erec_minus_enu_905, 5.77918906, 10.0, -5.17943332e-01, -4.87845628e-01
enu_erec_minus_enu_906, 5.77918906, 10.0, -4.87845628e-01, -4.62681974e-01
enu_erec_minus_enu_907, 5.77918906, 10.0, -4.62681974e-01, -4.41465559e-01
enu_erec_minus_enu_908, 5.77918906, 10.0, -4.41465559e-01, -4.22222765e-01
enu_erec_minus_enu_909, 5.77918906, 10.0, -4.22222765e-01, -4.05446996e-01
enu_erec_minus_enu_910, 5.77918906, 10.0, -4.05446996e-01, -3.90151441e-01
enu_erec_minus_enu_911, 5.77918906, 10.0, -3.90151441e-01, -3.76336102e-01
enu_erec_minus_enu_912, 5.77918906, 10.0, -3.76336102e-01, -3.63507572e-01
enu_erec_minus_enu_913, 5.77918906, 10.0, -3.63507572e-01, -3.52159257e-01
enu_erec_minus_enu_914, 5.77918906, 10.0, -3.52159257e-01, -3.41304348e-01
enu_erec_minus_enu_915, 5.77918906, 10.0, -3.41304348e-01, -3.30942843e-01
enu_erec_minus_enu_916, 5.77918906, 10.0, -3.30942843e-01, -3.21568149e-01
enu_erec_minus_enu_917, 5.77918906, 10.0, -3.21568149e-01, -3.12193454e-01
enu_erec_minus_enu_918, 5.77918906, 10.0, -3.12193454e-01, -3.03805569e-01
enu_erec_minus_enu_919, 5.77918906, 10.0, -3.03805569e-01, -2.95911089e-01
enu_erec_minus_enu_920, 5.77918906, 10.0, -2.95911089e-01, -2.88016610e-01
enu_erec_minus_enu_921, 5.77918906, 10.0, -2.88016610e-01, -2.81108940e-01
enu_erec_minus_enu_922, 5.77918906, 10.0, -2.81108940e-01, -2.73707865e-01
enu_erec_minus_enu_923, 5.77918906, 10.0, -2.73707865e-01, -2.67293600e-01
enu_erec_minus_enu_924, 5.77918906, 10.0, -2.67293600e-01, -2.60879336e-01
enu_erec_minus_enu_925, 5.77918906, 10.0, -2.60879336e-01, -2.54465071e-01
enu_erec_minus_enu_926, 5.77918906, 10.0, -2.54465071e-01, -2.48544211e-01
enu_erec_minus_enu_927, 5.77918906, 10.0, -2.48544211e-01, -2.43116756e-01
enu_erec_minus_enu_928, 5.77918906, 10.0, -2.43116756e-01, -2.37689301e-01
enu_erec_minus_enu_929, 5.77918906, 10.0, -2.37689301e-01, -2.32261847e-01
enu_erec_minus_enu_930, 5.77918906, 10.0, -2.32261847e-01, -2.26834392e-01
enu_erec_minus_enu_931, 5.77918906, 10.0, -2.26834392e-01, -2.21900342e-01
enu_erec_minus_enu_932, 5.77918906, 10.0, -2.21900342e-01, -2.16966292e-01
enu_erec_minus_enu_933, 5.77918906, 10.0, -2.16966292e-01, -2.12525647e-01
enu_erec_minus_enu_934, 5.77918906, 10.0, -2.12525647e-01, -2.08085002e-01
enu_erec_minus_enu_935, 5.77918906, 10.0, -2.08085002e-01, -2.03150953e-01
enu_erec_minus_enu_936, 5.77918906, 10.0, -2.03150953e-01, -1.99203713e-01
enu_erec_minus_enu_937, 5.77918906, 10.0, -1.99203713e-01, -1.94763068e-01
enu_erec_minus_enu_938, 5.77918906, 10.0, -1.94763068e-01, -1.90322423e-01
enu_erec_minus_enu_939, 5.77918906, 10.0, -1.90322423e-01, -1.86375183e-01
enu_erec_minus_enu_940, 5.77918906, 10.0, -1.86375183e-01, -1.82427943e-01
enu_erec_minus_enu_941, 5.77918906, 10.0, -1.82427943e-01, -1.78480703e-01
enu_erec_minus_enu_942, 5.77918906, 10.0, -1.78480703e-01, -1.74533464e-01
enu_erec_minus_enu_943, 5.77918906, 10.0, -1.74533464e-01, -1.71079629e-01
enu_erec_minus_enu_944, 5.77918906, 10.0, -1.71079629e-01, -1.67132389e-01
enu_erec_minus_enu_945, 5.77918906, 10.0, -1.67132389e-01, -1.63678554e-01
enu_erec_minus_enu_946, 5.77918906, 10.0, -1.63678554e-01, -1.59731314e-01
enu_erec_minus_enu_947, 5.77918906, 10.0, -1.59731314e-01, -1.56277479e-01
enu_erec_minus_enu_948, 5.77918906, 10.0, -1.56277479e-01, -1.52823644e-01
enu_erec_minus_enu_949, 5.77918906, 10.0, -1.52823644e-01, -1.49369809e-01
enu_erec_minus_enu_950, 5.77918906, 10.0, -1.49369809e-01, -1.45915975e-01
enu_erec_minus_enu_951, 5.77918906, 10.0, -1.45915975e-01, -1.42955545e-01
enu_erec_minus_enu_952, 5.77918906, 10.0, -1.42955545e-01, -1.39501710e-01
enu_erec_minus_enu_953, 5.77918906, 10.0, -1.39501710e-01, -1.36047875e-01
enu_erec_minus_enu_954, 5.77918906, 10.0, -1.36047875e-01, -1.33087445e-01
enu_erec_minus_enu_955, 5.77918906, 10.0, -1.33087445e-01, -1.29633610e-01
enu_erec_minus_enu_956, 5.77918906, 10.0, -1.29633610e-01, -1.26673180e-01
enu_erec_minus_enu_957, 5.77918906, 10.0, -1.26673180e-01, -1.23219345e-01
enu_erec_minus_enu_958, 5.77918906, 10.0, -1.23219345e-01, -1.20258915e-01
enu_erec_minus_enu_959, 5.77918906, 10.0, -1.20258915e-01, -1.17298486e-01
enu_erec_minus_enu_960, 5.77918906, 10.0, -1.17298486e-01, -1.14338056e-01
enu_erec_minus_enu_961, 5.77918906, 10.0, -1.14338056e-01, -1.10884221e-01
enu_erec_minus_enu_962, 5.77918906, 10.0, -1.10884221e-01, -1.07923791e-01
enu_erec_minus_enu_963, 5.77918906, 10.0, -1.07923791e-01, -1.04963361e-01
enu_erec_minus_enu_964, 5.77918906, 10.0, -1.04963361e-01, -1.02002931e-01
enu_erec_minus_enu_965, 5.77918906, 10.0, -1.02002931e-01, -9.90425012e-02
enu_erec_minus_enu_966, 5.77918906, 10.0, -9.90425012e-02, -9.60820713e-02
enu_erec_minus_enu_967, 5.77918906, 10.0, -9.60820713e-02, -9.31216414e-02
enu_erec_minus_enu_968, 5.77918906, 10.0, -9.31216414e-02, -9.01612115e-02
enu_erec_minus_enu_969, 5.77918906, 10.0, -9.01612115e-02, -8.72007816e-02
enu_erec_minus_enu_970, 5.77918906, 10.0, -8.72007816e-02, -8.42403517e-02
enu_erec_minus_enu_971, 5.77918906, 10.0, -8.42403517e-02, -8.12799218e-02
enu_erec_minus_enu_972, 5.77918906, 10.0, -8.12799218e-02, -7.83194919e-02
enu_erec_minus_enu_973, 5.77918906, 10.0, -7.83194919e-02, -7.53590620e-02
enu_erec_minus_enu_974, 5.77918906, 10.0, -7.53590620e-02, -7.23986321e-02
enu_erec_minus_enu_975, 5.77918906, 10.0, -7.23986321e-02, -6.99316072e-02
enu_erec_minus_enu_976, 5.77918906, 10.0, -6.99316072e-02, -6.69711773e-02
enu_erec_minus_enu_977, 5.77918906, 10.0, -6.69711773e-02, -6.40107474e-02
enu_erec_minus_enu_978, 5.77918906, 10.0, -6.40107474e-02, -6.10503175e-02
enu_erec_minus_enu_979, 5.77918906, 10.0, -6.10503175e-02, -5.80898876e-02
enu_erec_minus_enu_980, 5.77918906, 10.0, -5.80898876e-02, -5.51294577e-02
enu_erec_minus_enu_981, 5.77918906, 10.0, -5.51294577e-02, -5.21690278e-02
enu_erec_minus_enu_982, 5.77918906, 10.0, -5.21690278e-02, -4.92085979e-02
enu_erec_minus_enu_983, 5.77918906, 10.0, -4.92085979e-02, -4.62481681e-02
enu_erec_minus_enu_984, 5.77918906, 10.0, -4.62481681e-02, -4.27943332e-02
enu_erec_minus_enu_985, 5.77918906, 10.0, -4.27943332e-02, -3.98339033e-02
enu_erec_minus_enu_986, 5.77918906, 10.0, -3.98339033e-02, -3.68734734e-02
enu_erec_minus_enu_987, 5.77918906, 10.0, -3.68734734e-02, -3.39130435e-02
enu_erec_minus_enu_988, 5.77918906, 10.0, -3.39130435e-02, -3.09526136e-02
enu_erec_minus_enu_989, 5.77918906, 10.0, -3.09526136e-02, -2.74987787e-02
enu_erec_minus_enu_990, 5.77918906, 10.0, -2.74987787e-02, -2.45383488e-02
enu_erec_minus_enu_991, 5.77918906, 10.0, -2.45383488e-02, -2.10845139e-02
enu_erec_minus_enu_992, 5.77918906, 10.0, -2.10845139e-02, -1.81240840e-02
enu_erec_minus_enu_993, 5.77918906, 10.0, -1.81240840e-02, -1.46702491e-02
enu_erec_minus_enu_994, 5.77918906, 10.0, -1.46702491e-02, -1.12164143e-02
enu_erec_minus_enu_995, 5.77918906, 10.0, -1.12164143e-02, -7.76257938e-03
enu_erec_minus_enu_996, 5.77918906, 10.0, -7.76257938e-03, -4.30874450e-03
enu_erec_minus_enu_997, 5.77918906, 10.0, -4.30874450e-03, -8.54909624e-04
enu_erec_minus_enu_998, 5.77918906, 10.0, -8.54909624e-04, 2.59892526e-03
enu_erec_minus_enu_999, 5.77918906, 10.0, 2.59892526e-03, 6.54616512e-03
enu_erec_minus_enu_1000, 5.77918906, 10.0, 6.54616512e-03, 1.00000000e-02
